223,224,223,224,223,224,223,224,223,224,223,224,223,224,223,224,223,224,223,224,223,224,223,224,223,224,223,224,223,224,
256,257,256,257,256,257,256,257,256,257,256,257,256,257,256,257,256,257,256,257,256,257,256,257,256,257,256,257,256,257,
223,224,223,224,223,224,223,224,223,224,223,224,223,224,223,224,223,224,223,224,223,224,223,224,223,224,223,224,223,224,
256,257,256,257,256,257,256,257,256,257,256,257,256,257,256,257,256,257,256,257,256,257,256,257,256,257,256,257,256,257,
223,224,223,224,223,224,223,224,223,224,223,224,223,224,223,224,223,224,223,224,223,224,223,224,223,224,223,224,223,224,
256,257,256,257,256,257,256,257,256,257,256,257,256,257,256,257,256,257,256,257,256,257,256,257,256,257,256,257,256,257,
223,224,223,224,223,224,223,224,223,224,223,224,223,224,223,224,223,224,223,224,223,224,223,224,223,224,223,224,223,224,
256,257,256,257,256,257,256,257,256,257,256,257,256,257,256,257,256,257,256,257,256,257,256,257,256,257,256,257,256,257,
223,224,223,224,223,224,223,224,223,224,223,224,223,224,223,224,223,224,223,224,223,224,223,224,223,224,223,224,223,224,
256,257,256,257,256,257,256,257,256,257,256,257,256,257,256,257,256,257,256,257,256,257,256,257,256,257,256,257,256,257,
223,224,223,224,223,224,223,224,223,224,223,224,223,224,223,224,223,224,223,224,223,224,223,224,223,224,223,224,223,224,
256,257,256,257,256,257,256,257,256,257,256,257,256,257,256,257,256,257,256,257,256,257,256,257,256,257,256,257,256,257,
223,224,223,224,223,224,223,224,223,224,223,224,223,224,223,224,223,224,223,224,223,224,223,224,223,224,223,224,223,224,
256,257,256,257,256,257,256,257,256,257,256,257,256,257,256,257,256,257,256,257,256,257,256,257,256,257,256,257,256,257,
223,224,223,224,223,224,223,224,223,224,223,224,223,224,223,224,223,224,223,224,223,224,223,224,223,224,223,224,223,224,
256,257,256,257,256,257,256,257,256,257,256,257,256,257,256,257,256,257,256,257,256,257,256,257,256,257,256,257,256,257,
223,224,223,224,223,224,223,224,223,224,223,224,223,224,223,224,223,224,223,224,223,224,223,224,223,224,223,224,223,224,
256,257,256,257,256,257,256,257,256,257,256,257,256,257,256,257,256,257,256,257,256,257,256,257,256,257,256,257,256,257,
223,224,223,224,223,224,223,224,223,224,223,224,223,224,223,224,223,224,223,224,223,224,223,224,223,224,223,224,223,224,
256,257,256,257,256,257,256,257,256,257,256,257,256,257,256,257,256,257,256,257,256,257,256,257,256,257,256,257,256,257,
223,224,223,224,223,224,223,224,223,224,223,224,223,224,223,224,223,224,223,224,223,224,223,224,223,224,223,224,223,224,
256,257,256,257,256,257,256,257,256,257,256,257,256,257,256,257,256,257,256,257,256,257,256,257,256,257,256,257,256,257,
223,224,223,224,223,224,223,224,223,224,223,224,223,224,223,224,223,224,223,224,223,224,223,224,223,224,223,224,223,224,
256,257,256,257,256,257,256,257,256,257,256,257,256,257,256,257,256,257,256,257,256,257,256,257,256,257,256,257,256,257,
223,224,223,224,223,224,223,224,223,224,223,224,223,224,223,224,223,224,223,224,223,224,223,224,223,224,223,224,223,224,
256,257,256,257,256,257,256,257,256,257,256,257,256,257,256,257,256,257,256,257,256,257,256,257,256,257,256,257,256,257,
223,224,223,224,223,224,223,224,223,224,223,224,223,224,223,224,223,224,223,224,223,224,223,224,223,224,223,224,223,224,
256,257,256,257,256,257,256,257,256,257,256,257,256,257,256,257,256,257,256,257,256,257,256,257,256,257,256,257,256,257,
223,224,223,224,223,224,223,224,223,224,223,224,223,224,223,224,223,224,223,224,223,224,223,224,223,224,223,224,223,224,
256,257,256,257,256,257,256,257,256,257,256,257,256,257,256,257,256,257,256,257,256,257,256,257,256,257,256,257,256,257,
