-1,-1,-1,-1,-1,-1,-1,-1,-1,-1,-1,-1,-1,-1,-1,-1,-1,-1,-1,-1,-1,-1,-1,-1,-1,153,154,-1,-1,-1,
-1,-1,-1,-1,-1,-1,-1,-1,-1,-1,-1,-1,-1,-1,559,-1,-1,-1,-1,-1,-1,-1,-1,-1,-1,186,187,-1,-1,-1,
-1,-1,-1,-1,-1,-1,-1,-1,-1,-1,-1,-1,-1,219,220,-1,-1,-1,-1,163,-1,-1,-1,-1,-1,-1,290,-1,-1,-1,
-1,-1,-1,559,-1,-1,-1,-1,-1,-1,-1,-1,-1,252,253,-1,-1,-1,-1,196,291,-1,-1,-1,-1,-1,-1,-1,-1,-1,
-1,-1,559,291,-1,-1,-1,-1,-1,-1,-1,-1,-1,-1,-1,-1,-1,-1,-1,-1,-1,559,920,-1,-1,-1,-1,-1,-1,-1,
-1,325,-1,-1,885,-1,-1,1075,-1,-1,-1,-1,-1,-1,-1,-1,-1,-1,559,290,-1,-1,-1,-1,-1,-1,-1,-1,-1,-1,
-1,-1,-1,-1,-1,919,919,1108,-1,853,-1,-1,594,595,596,597,325,559,-1,-1,-1,-1,-1,-1,-1,-1,-1,-1,-1,-1,
-1,-1,-1,-1,-1,853,-1,1141,919,1108,-1,-1,627,628,629,630,-1,-1,-1,-1,821,-1,-1,-1,-1,97,98,-1,-1,-1,
-1,-1,-1,-1,-1,-1,-1,-1,-1,1141,-1,-1,660,661,662,663,-1,-1,-1,-1,-1,-1,-1,-1,-1,-1,-1,-1,-1,-1,
-1,-1,949,-1,-1,-1,-1,-1,-1,-1,885,-1,693,694,695,696,821,-1,-1,-1,918,-1,-1,-1,-1,-1,-1,-1,-1,-1,
-1,-1,982,949,919,-1,919,428,-1,-1,-1,-1,726,727,728,526,-1,-1,-1,-1,-1,-1,885,919,919,-1,-1,-1,-1,-1,
-1,-1,-1,982,-1,885,-1,-1,-1,-1,-1,-1,-1,-1,-1,-1,-1,-1,-1,-1,-1,-1,-1,-1,-1,853,-1,-1,-1,-1,
-1,-1,-1,-1,-1,-1,-1,-1,-1,-1,-1,887,920,-1,-1,-1,-1,-1,-1,-1,-1,919,1075,-1,-1,886,-1,-1,-1,-1,
-1,-1,-1,918,-1,-1,-1,-1,-1,-1,-1,-1,-1,887,-1,-1,-1,-1,-1,-1,-1,-1,1108,-1,-1,-1,-1,-1,-1,-1,
-1,-1,-1,920,918,-1,-1,-1,-1,-1,-1,-1,-1,-1,-1,-1,-1,-1,-1,-1,-1,-1,1141,-1,-1,-1,594,595,596,597,
-1,-1,-1,-1,-1,-1,-1,-1,-1,-1,-1,-1,-1,-1,-1,-1,-1,-1,-1,-1,-1,919,-1,-1,885,-1,627,628,629,630,
-1,-1,-1,-1,-1,-1,-1,-1,-1,-1,-1,-1,-1,-1,-1,-1,-1,-1,-1,-1,854,919,-1,-1,-1,919,660,661,662,663,
-1,-1,-1,-1,-1,919,-1,-1,919,-1,-1,-1,-1,-1,-1,-1,-1,918,854,920,854,-1,-1,-1,-1,-1,693,694,695,696,
-1,-1,-1,-1,853,-1,1075,-1,885,-1,-1,-1,-1,-1,-1,918,-1,-1,-1,-1,-1,-1,-1,-1,-1,854,726,727,728,729,
-1,-1,-1,-1,886,-1,1108,-1,-1,-1,-1,-1,-1,-1,-1,-1,-1,-1,-1,-1,-1,-1,-1,-1,-1,-1,-1,-1,-1,-1,
-1,-1,-1,-1,-1,885,1141,1075,919,-1,-1,-1,-1,-1,-1,-1,-1,-1,-1,-1,-1,-1,-1,-1,-1,-1,-1,-1,-1,-1,
-1,-1,-1,-1,-1,-1,-1,1108,-1,-1,-1,-1,-1,-1,-1,-1,-1,-1,-1,-1,-1,-1,-1,-1,-1,-1,-1,-1,-1,-1,
-1,-1,-1,-1,919,-1,-1,1141,-1,-1,-1,-1,-1,-1,-1,-1,-1,-1,-1,-1,-1,-1,-1,-1,-1,-1,-1,-1,-1,-1,
-1,-1,-1,920,-1,-1,-1,-1,919,918,-1,-1,-1,-1,-1,-1,-1,-1,-1,-1,-1,594,595,596,597,-1,-1,-1,-1,-1,
-1,-1,854,-1,-1,-1,-1,-1,-1,-1,-1,-1,-1,-1,-1,-1,-1,-1,-1,-1,-1,627,628,629,630,-1,-1,-1,-1,-1,
-1,-1,-1,-1,-1,-1,-1,-1,-1,887,920,-1,-1,-1,-1,-1,-1,-1,-1,-1,-1,660,661,662,663,-1,-1,-1,-1,-1,
-1,-1,-1,-1,-1,-1,-1,-1,-1,-1,-1,-1,-1,-1,-1,-1,-1,-1,-1,-1,-1,693,694,695,696,-1,-1,-1,-1,-1,
-1,-1,-1,-1,-1,-1,-1,-1,-1,-1,-1,-1,-1,-1,-1,-1,-1,-1,-1,-1,-1,726,727,728,729,-1,-1,-1,-1,-1,
-1,-1,-1,-1,-1,-1,-1,-1,-1,-1,-1,-1,-1,-1,-1,-1,-1,-1,-1,-1,-1,-1,-1,-1,-1,-1,-1,-1,-1,-1,
-1,-1,-1,-1,-1,-1,-1,-1,-1,-1,-1,-1,-1,-1,-1,-1,-1,-1,-1,-1,-1,-1,-1,-1,-1,-1,-1,-1,-1,-1,
