-1,140,141,-1,-1,-1,-1,-1,-1,-1,-1,-1,-1,-1,-1,107,108,-1,759,760,761,762,763,764,765,-1,-1,-1,-1,-1,
-1,173,174,-1,-1,-1,-1,-1,-1,-1,-1,-1,-1,-1,-1,140,141,-1,792,793,794,795,796,797,798,-1,-1,-1,-1,-1,
-1,-1,-1,382,383,384,385,386,387,-1,-1,-1,-1,-1,-1,173,174,-1,825,826,827,828,829,830,831,-1,-1,-1,-1,-1,
-1,-1,-1,415,416,417,418,419,420,-1,66,67,-1,-1,-1,-1,-1,-1,858,859,860,861,862,863,864,-1,-1,-1,-1,-1,
-1,-1,-1,448,449,450,451,452,453,-1,74,75,-1,-1,-1,-1,-1,-1,891,892,893,894,895,896,897,-1,-1,-1,-1,-1,
-1,-1,-1,481,482,483,484,485,486,-1,-1,-1,-1,-1,-1,-1,-1,-1,924,925,926,428,928,929,930,-1,-1,-1,-1,-1,
-1,-1,-1,514,515,516,517,518,519,-1,-1,-1,-1,-1,-1,-1,-1,-1,957,958,959,960,961,962,963,-1,-1,-1,-1,-1,
-1,-1,-1,547,548,549,550,551,552,-1,1061,1062,1063,-1,-1,-1,324,-1,990,991,992,993,994,995,996,-1,324,-1,-1,-1,
-1,-1,-1,-1,-1,-1,-1,-1,-1,-1,1094,1095,1096,-1,-1,-1,-1,324,-1,-1,-1,-1,-1,-1,-1,324,-1,-1,-1,-1,
-1,-1,-1,-1,-1,-1,-1,-1,-1,-1,1127,1128,1129,-1,-1,-1,-1,-1,-1,-1,-1,-1,-1,-1,-1,-1,-1,-1,-1,-1,
-1,-1,-1,-1,-1,-1,-1,-1,-1,-1,-1,-1,-1,-1,-1,323,-1,-1,-1,-1,-1,-1,-1,-1,-1,161,162,-1,-1,-1,
-1,-1,-1,-1,-1,-1,-1,-1,-1,-1,-1,-1,-1,85,323,-1,-1,-1,-1,-1,-1,-1,-1,-1,-1,194,195,-1,325,-1,
-1,-1,-1,-1,-1,-1,-1,-1,-1,-1,-1,-1,-1,-1,1061,1062,1063,852,-1,-1,-1,-1,-1,-1,-1,-1,-1,-1,-1,-1,
-1,85,-1,-1,-1,-1,-1,-1,-1,-1,-1,-1,-1,-1,1094,1095,1096,-1,-1,-1,-1,-1,-1,-1,-1,83,-1,-1,-1,-1,
-1,325,-1,-1,-1,-1,-1,-1,-1,-1,-1,-1,-1,-1,1127,1128,1129,-1,-1,-1,-1,-1,-1,-1,-1,-1,-1,-1,-1,-1,
-1,-1,-1,-1,-1,-1,-1,-1,-1,-1,-1,-1,-1,-1,-1,-1,-1,-1,-1,-1,-1,-1,-1,-1,-1,-1,-1,-1,-1,-1,
-1,-1,-1,-1,-1,-1,-1,-1,-1,-1,-1,-1,-1,-1,-1,-1,-1,-1,-1,-1,-1,-1,-1,-1,-1,-1,-1,-1,-1,-1,
-1,-1,-1,-1,-1,-1,-1,-1,-1,-1,-1,-1,-1,-1,-1,-1,-1,-1,-1,-1,-1,-1,-1,-1,-1,-1,-1,-1,-1,-1,
-1,-1,-1,-1,-1,-1,-1,-1,-1,-1,-1,-1,-1,-1,-1,-1,-1,-1,-1,-1,-1,-1,-1,-1,-1,-1,-1,-1,-1,-1,
-1,83,-1,-1,-1,-1,-1,-1,-1,-1,-1,-1,-1,-1,-1,-1,-1,-1,-1,-1,-1,-1,-1,-1,-1,-1,-1,-1,-1,-1,
-1,-1,-1,-1,89,90,-1,-1,-1,852,1061,1062,1063,-1,-1,-1,-1,-1,-1,-1,-1,83,-1,-1,70,-1,-1,-1,-1,-1,
-1,-1,-1,-1,122,123,-1,-1,-1,-1,1094,1095,1096,-1,-1,-1,-1,-1,-1,-1,83,-1,-1,-1,-1,-1,153,154,-1,-1,
-1,-1,-1,-1,-1,-1,-1,-1,-1,-1,1127,1128,1129,-1,-1,-1,-1,-1,-1,-1,-1,-1,-1,-1,-1,70,186,187,-1,-1,
-1,-1,-1,-1,-1,-1,-1,323,-1,-1,-1,-1,-1,-1,-1,-1,-1,-1,-1,-1,-1,-1,-1,-1,-1,-1,323,290,-1,-1,
-1,-1,-1,-1,-1,-1,-1,325,-1,-1,-1,-1,-1,-1,-1,-1,-1,-1,-1,-1,153,154,-1,-1,-1,-1,-1,-1,-1,-1,
-1,-1,-1,-1,-1,323,-1,-1,-1,-1,-1,-1,-1,-1,-1,-1,-1,-1,-1,-1,186,187,-1,-1,-1,-1,-1,-1,-1,-1,
-1,-1,-1,-1,-1,-1,-1,-1,-1,-1,-1,-1,-1,-1,-1,-1,-1,-1,-1,-1,324,323,-1,-1,-1,-1,-1,-1,-1,-1,
-1,-1,-1,-1,-1,-1,-1,-1,-1,-1,-1,-1,-1,-1,-1,-1,-1,-1,-1,-1,-1,-1,-1,-1,-1,-1,-1,-1,-1,-1,
-1,-1,-1,-1,-1,-1,-1,-1,-1,-1,-1,-1,324,292,-1,-1,292,324,-1,-1,-1,-1,-1,-1,-1,-1,-1,-1,-1,-1,
-1,-1,-1,-1,-1,-1,-1,-1,-1,-1,-1,-1,-1,290,-1,-1,290,-1,-1,-1,-1,-1,-1,-1,-1,-1,-1,-1,-1,-1,
