-1,-1,-1,-1,-1,-1,-1,-1,-1,140,141,-1,-1,-1,-1,-1,-1,-1,-1,-1,-1,-1,-1,-1,-1,-1,-1,-1,-1,-1,
-1,-1,-1,-1,-1,-1,-1,-1,-1,173,174,-1,-1,-1,-1,-1,-1,-1,-1,-1,-1,-1,-1,-1,-1,-1,-1,-1,-1,-1,
-1,-1,-1,-1,-1,-1,-1,-1,-1,-1,-1,-1,-1,-1,-1,-1,-1,-1,-1,-1,-1,-1,107,108,-1,-1,-1,-1,-1,-1,
-1,-1,-1,-1,-1,-1,-1,-1,-1,-1,-1,-1,-1,-1,-1,-1,-1,-1,-1,-1,-1,-1,140,141,-1,-1,-1,-1,-1,-1,
-1,-1,-1,-1,-1,-1,-1,-1,-1,-1,-1,-1,-1,-1,-1,-1,-1,-1,-1,-1,-1,-1,173,174,-1,-1,-1,-1,-1,-1,
-1,-1,-1,-1,-1,-1,-1,-1,-1,-1,-1,-1,-1,-1,-1,-1,-1,-1,-1,-1,-1,-1,-1,-1,-1,-1,-1,-1,-1,-1,
-1,-1,-1,-1,-1,-1,-1,-1,-1,-1,-1,161,162,-1,-1,-1,-1,163,-1,153,154,-1,-1,-1,-1,-1,-1,-1,-1,-1,
-1,-1,-1,-1,-1,-1,-1,-1,-1,-1,-1,194,195,-1,-1,-1,-1,196,-1,186,187,-1,-1,-1,-1,-1,-1,-1,-1,-1,
-1,-1,-1,-1,-1,-1,-1,1061,1062,1063,-1,-1,-1,-1,-1,-1,-1,-1,-1,290,324,-1,-1,-1,-1,-1,-1,-1,-1,-1,
-1,-1,-1,-1,-1,-1,-1,1094,1095,1096,-1,-1,-1,-1,-1,-1,-1,-1,-1,-1,86,594,595,596,597,-1,-1,-1,-1,-1,
-1,-1,-1,-1,1061,1062,1063,1127,1128,1129,-1,-1,-1,382,383,384,385,386,387,-1,-1,627,628,629,630,-1,-1,-1,-1,-1,
-1,-1,-1,-1,1094,1095,1096,-1,-1,-1,-1,-1,-1,415,416,417,418,419,420,-1,-1,660,661,662,663,-1,-1,-1,-1,-1,
-1,-1,-1,-1,1127,1128,1129,-1,-1,-1,852,-1,-1,448,449,450,451,452,453,-1,-1,693,694,695,696,-1,-1,-1,-1,-1,
-1,-1,-1,-1,-1,189,-1,-1,-1,-1,-1,-1,-1,481,482,483,484,485,486,-1,-1,726,727,728,729,-1,-1,1061,1062,1063,
-1,-1,-1,189,-1,-1,-1,-1,-1,-1,97,98,-1,514,515,516,517,518,519,-1,-1,-1,-1,-1,-1,-1,-1,1094,1095,1096,
-1,-1,-1,-1,-1,-1,-1,-1,-1,-1,-1,-1,-1,547,548,549,550,551,552,-1,-1,-1,-1,-1,83,-1,-1,1127,1128,1129,
-1,-1,-1,-1,-1,-1,-1,-1,-1,-1,-1,-1,-1,324,-1,-1,-1,-1,324,-1,-1,-1,-1,-1,-1,161,162,-1,-1,-1,
-1,-1,-1,-1,-1,-1,-1,-1,-1,-1,-1,-1,-1,-1,-1,-1,-1,-1,-1,-1,-1,1061,1062,1063,-1,194,195,-1,-1,-1,
-1,-1,-1,-1,-1,-1,-1,-1,-1,-1,-1,-1,-1,-1,-1,-1,-1,-1,-1,-1,-1,1094,1095,1096,-1,-1,-1,-1,-1,-1,
-1,-1,-1,-1,-1,-1,-1,-1,-1,292,-1,-1,-1,-1,-1,-1,-1,-1,-1,-1,-1,1127,1128,1129,1061,1062,1063,-1,-1,-1,
-1,-1,-1,-1,-1,-1,-1,-1,-1,-1,-1,-1,-1,-1,-1,-1,-1,-1,-1,85,-1,-1,-1,-1,1094,1095,1096,-1,-1,-1,
-1,-1,-1,-1,-1,-1,-1,-1,-1,-1,-1,-1,-1,-1,-1,-1,-1,-1,-1,-1,-1,-1,852,-1,1127,1128,1129,-1,-1,-1,
-1,-1,-1,-1,-1,-1,-1,-1,-1,-1,-1,-1,292,85,-1,-1,-1,157,157,-1,-1,-1,-1,-1,-1,-1,-1,-1,-1,-1,
-1,-1,-1,-1,-1,-1,83,290,-1,-1,-1,-1,292,292,-1,-1,-1,157,157,-1,-1,-1,-1,-1,-1,-1,-1,-1,-1,-1,
-1,-1,-1,-1,-1,-1,-1,-1,-1,-1,-1,-1,-1,-1,-1,-1,-1,157,157,-1,-1,-1,-1,-1,-1,-1,-1,-1,-1,-1,
-1,-1,-1,-1,-1,-1,-1,-1,-1,-1,-1,-1,-1,-1,-1,-1,-1,-1,-1,-1,-1,-1,-1,-1,-1,-1,-1,-1,-1,-1,
-1,-1,-1,-1,-1,-1,-1,-1,-1,-1,-1,-1,-1,-1,-1,-1,-1,-1,-1,-1,-1,-1,-1,-1,-1,292,-1,-1,-1,-1,
-1,-1,-1,-1,-1,-1,-1,-1,-1,-1,-1,-1,-1,-1,-1,292,-1,-1,-1,-1,-1,-1,-1,-1,-1,-1,83,-1,-1,-1,
-1,-1,-1,-1,-1,-1,-1,-1,-1,-1,-1,-1,-1,-1,-1,-1,-1,-1,-1,-1,-1,-1,-1,-1,-1,-1,-1,-1,-1,-1,
-1,-1,-1,-1,-1,-1,-1,-1,-1,-1,-1,-1,-1,-1,-1,-1,-1,-1,-1,-1,-1,-1,-1,-1,-1,-1,-1,-1,-1,-1,
