-1,-1,-1,-1,-1,-1,-1,-1,-1,-1,-1,-1,-1,-1,-1,-1,-1,-1,-1,-1,-1,-1,-1,-1,-1,-1,-1,-1,-1,-1,
-1,-1,-1,-1,-1,-1,-1,-1,-1,-1,-1,-1,-1,-1,-1,-1,-1,-1,-1,-1,-1,-1,-1,-1,-1,-1,-1,-1,-1,-1,
-1,-1,-1,-1,803,804,805,806,807,808,809,810,811,812,-1,-1,-1,-1,-1,-1,-1,-1,-1,-1,-1,-1,-1,-1,-1,-1,
-1,-1,-1,-1,836,837,838,839,840,841,842,843,844,845,-1,-1,-1,-1,-1,-1,-1,-1,-1,-1,-1,-1,-1,-1,-1,-1,
-1,-1,-1,-1,869,870,871,872,873,874,875,876,877,878,-1,-1,-1,-1,-1,-1,-1,759,760,761,762,763,764,765,-1,-1,
-1,-1,-1,-1,902,903,904,905,906,907,908,909,910,911,-1,-1,-1,-1,-1,-1,-1,792,793,794,795,796,797,798,-1,-1,
-1,-1,-1,-1,935,936,937,938,939,1056,1057,1058,1059,1060,-1,-1,-1,-1,-1,-1,-1,825,826,827,828,829,830,831,-1,-1,
-1,-1,-1,-1,968,969,970,971,972,1089,1090,1091,1092,1093,-1,-1,-1,-1,-1,-1,-1,858,859,860,861,862,863,864,-1,-1,
-1,-1,-1,-1,1001,1002,1003,1004,1005,1122,1123,1124,1125,1126,-1,-1,-1,-1,-1,-1,-1,891,892,893,894,895,896,897,-1,-1,
-1,-1,-1,-1,1034,1035,1036,1037,1038,1155,1156,1157,1158,1159,-1,-1,-1,-1,-1,-1,-1,924,925,926,428,928,929,930,-1,-1,
-1,-1,-1,-1,-1,-1,-1,-1,-1,1188,1189,1190,1191,1192,-1,-1,-1,-1,-1,-1,-1,957,958,959,960,961,962,963,-1,-1,
-1,-1,-1,-1,-1,-1,-1,-1,-1,1221,1222,1223,1224,1225,-1,-1,-1,-1,-1,-1,-1,990,991,992,993,994,995,996,-1,-1,
-1,-1,-1,-1,-1,-1,-1,-1,-1,1254,1255,1256,1257,1258,-1,-1,-1,-1,-1,-1,-1,-1,-1,-1,-1,-1,-1,-1,-1,-1,
-1,-1,-1,-1,-1,-1,-1,-1,-1,1287,1288,1289,1290,1291,-1,-1,-1,-1,-1,-1,-1,-1,-1,-1,-1,-1,-1,-1,-1,-1,
-1,-1,-1,-1,-1,-1,-1,-1,-1,-1,-1,-1,-1,-1,-1,-1,-1,-1,-1,-1,-1,-1,-1,-1,-1,-1,-1,-1,-1,-1,
-1,-1,-1,-1,-1,-1,-1,-1,-1,-1,-1,-1,-1,-1,-1,-1,-1,-1,-1,-1,-1,-1,-1,-1,-1,-1,-1,-1,-1,-1,
-1,-1,-1,-1,-1,-1,-1,-1,-1,-1,-1,-1,-1,-1,-1,-1,-1,-1,-1,-1,-1,-1,-1,-1,-1,-1,-1,-1,-1,-1,
-1,-1,-1,-1,-1,-1,-1,-1,-1,-1,-1,-1,-1,-1,-1,-1,-1,-1,-1,-1,-1,-1,-1,-1,-1,-1,-1,-1,-1,-1,
-1,-1,-1,-1,-1,-1,-1,-1,-1,-1,-1,-1,-1,-1,-1,-1,-1,-1,-1,-1,-1,-1,-1,-1,-1,-1,-1,-1,-1,-1,
-1,-1,-1,-1,-1,155,156,155,155,156,-1,-1,-1,-1,-1,-1,-1,-1,-1,-1,-1,-1,83,290,-1,-1,-1,-1,-1,-1,
-1,-1,-1,-1,-1,188,189,188,188,189,-1,-1,-1,-1,-1,-1,-1,-1,-1,-1,-1,83,161,162,324,-1,-1,-1,-1,-1,
-1,-1,-1,-1,-1,155,156,155,155,156,-1,-1,-1,-1,-1,-1,-1,-1,-1,-1,-1,85,194,195,290,-1,-1,-1,-1,-1,
-1,-1,-1,-1,-1,188,189,188,188,189,-1,-1,-1,-1,-1,-1,-1,-1,-1,-1,-1,-1,85,290,-1,-1,-1,-1,-1,-1,
-1,-1,-1,-1,-1,-1,-1,-1,-1,-1,-1,-1,-1,-1,-1,-1,-1,-1,-1,-1,-1,-1,-1,-1,-1,-1,-1,-1,-1,-1,
-1,-1,-1,-1,-1,-1,-1,-1,-1,-1,-1,-1,-1,-1,-1,-1,-1,-1,-1,-1,-1,-1,-1,-1,-1,-1,-1,-1,-1,-1,
-1,-1,-1,-1,-1,-1,-1,-1,-1,-1,-1,-1,-1,-1,-1,-1,-1,-1,-1,-1,-1,-1,-1,-1,-1,-1,-1,-1,-1,-1,
-1,-1,-1,-1,-1,-1,-1,-1,-1,-1,-1,-1,-1,-1,-1,-1,-1,-1,-1,-1,-1,-1,-1,-1,-1,-1,-1,-1,-1,-1,
-1,-1,-1,-1,-1,-1,-1,-1,-1,-1,-1,-1,-1,-1,-1,-1,-1,-1,-1,-1,-1,-1,-1,-1,-1,-1,-1,-1,-1,-1,
-1,-1,-1,-1,-1,-1,-1,-1,-1,-1,-1,-1,-1,-1,-1,-1,-1,-1,-1,-1,-1,-1,-1,-1,-1,-1,-1,-1,-1,-1,
-1,-1,-1,-1,-1,-1,-1,-1,-1,-1,-1,-1,-1,-1,-1,-1,-1,-1,-1,-1,-1,-1,-1,-1,-1,-1,-1,-1,-1,-1,
