-1,-1,-1,-1,-1,-1,-1,-1,-1,-1,-1,-1,-1,-1,-1,-1,-1,-1,-1,-1,-1,-1,-1,-1,-1,-1,-1,-1,-1,-1,
-1,-1,-1,-1,-1,-1,-1,-1,-1,-1,-1,-1,-1,-1,-1,-1,-1,-1,-1,-1,-1,-1,-1,-1,-1,-1,-1,-1,-1,-1,
-1,-1,-1,-1,-1,-1,-1,-1,-1,-1,-1,-1,-1,-1,-1,-1,-1,-1,-1,-1,-1,-1,-1,-1,-1,-1,-1,-1,-1,-1,
-1,-1,-1,-1,-1,-1,-1,-1,-1,-1,-1,-1,-1,-1,-1,-1,-1,-1,803,804,805,806,807,808,809,810,811,812,-1,-1,
-1,-1,759,760,761,762,763,764,765,766,767,768,769,-1,-1,-1,-1,-1,836,837,838,839,840,841,842,843,844,845,-1,-1,
-1,-1,792,793,794,795,796,797,798,799,800,801,802,-1,-1,-1,-1,-1,869,870,871,872,873,874,875,876,877,878,-1,-1,
-1,-1,825,826,827,828,829,830,831,832,833,834,835,526,-1,-1,-1,526,902,903,904,905,906,907,908,909,910,911,-1,-1,
-1,-1,858,859,860,861,862,863,864,865,866,867,868,-1,-1,-1,-1,-1,935,936,937,938,939,940,941,942,943,944,-1,-1,
-1,-1,891,892,893,894,895,896,897,898,899,900,901,-1,-1,-1,-1,-1,968,969,817,818,972,973,974,975,976,977,-1,-1,
-1,-1,924,925,926,850,928,929,930,931,932,933,934,-1,-1,-1,-1,-1,1001,1002,1003,1004,1005,1006,1007,1008,1009,1010,-1,-1,
-1,-1,957,958,959,960,961,962,963,964,965,966,967,-1,-1,-1,-1,-1,1034,1035,1036,1037,1038,1039,1040,1041,1042,1043,-1,-1,
-1,-1,990,991,992,993,994,995,996,228,228,228,1000,-1,-1,-1,-1,-1,-1,-1,-1,-1,-1,-1,-1,-1,-1,526,-1,-1,
-1,-1,-1,-1,-1,-1,-1,-1,-1,-1,-1,-1,-1,-1,-1,-1,-1,-1,-1,-1,-1,-1,-1,-1,-1,-1,-1,526,-1,-1,
-1,-1,-1,-1,-1,-1,-1,-1,-1,-1,-1,-1,-1,-1,-1,-1,-1,-1,-1,-1,-1,-1,-1,-1,-1,-1,-1,526,-1,-1,
-1,-1,-1,-1,-1,-1,-1,-1,-1,-1,-1,-1,-1,-1,-1,-1,-1,-1,-1,-1,-1,-1,-1,-1,-1,-1,-1,-1,-1,-1,
-1,-1,-1,-1,-1,-1,-1,-1,-1,-1,-1,-1,-1,-1,-1,-1,-1,-1,-1,-1,-1,-1,-1,-1,-1,-1,-1,-1,-1,-1,
-1,-1,-1,-1,-1,-1,-1,-1,-1,-1,-1,-1,-1,-1,-1,-1,-1,-1,-1,-1,-1,-1,-1,-1,-1,-1,-1,-1,-1,-1,
-1,-1,-1,-1,-1,-1,-1,-1,-1,-1,-1,-1,-1,-1,-1,-1,-1,-1,-1,-1,-1,-1,-1,-1,-1,-1,-1,-1,-1,-1,
-1,-1,-1,-1,-1,-1,-1,-1,-1,-1,-1,-1,-1,-1,-1,-1,-1,-1,-1,-1,-1,-1,-1,-1,-1,-1,-1,-1,-1,-1,
-1,-1,-1,-1,-1,-1,-1,592,593,-1,-1,-1,-1,-1,-1,-1,-1,-1,-1,-1,325,-1,-1,-1,-1,325,-1,-1,-1,-1,
-1,-1,-1,-1,-1,-1,-1,625,626,-1,-1,-1,-1,-1,-1,-1,-1,-1,-1,325,-1,-1,-1,-1,-1,-1,-1,-1,-1,-1,
-1,-1,-1,-1,-1,-1,-1,-1,-1,-1,-1,-1,-1,-1,-1,-1,-1,-1,-1,-1,-1,-1,325,89,90,89,90,-1,-1,-1,
-1,-1,527,-1,-1,-1,-1,-1,-1,-1,-1,-1,-1,-1,-1,-1,-1,-1,-1,-1,-1,89,90,122,123,122,123,-1,-1,-1,
-1,-1,-1,-1,-1,-1,-1,-1,-1,-1,527,-1,-1,-1,527,-1,-1,526,-1,-1,290,122,123,290,290,290,-1,-1,-1,-1,
-1,-1,-1,-1,-1,-1,-1,-1,-1,-1,-1,-1,-1,-1,-1,-1,-1,-1,-1,-1,-1,-1,-1,-1,-1,-1,-1,-1,-1,-1,
-1,-1,-1,-1,-1,-1,-1,-1,-1,-1,-1,-1,-1,-1,-1,-1,-1,-1,-1,-1,-1,-1,-1,-1,-1,-1,-1,-1,-1,-1,
-1,-1,-1,-1,-1,-1,-1,-1,-1,-1,-1,-1,-1,-1,-1,-1,-1,-1,-1,-1,-1,-1,-1,-1,-1,-1,-1,-1,-1,-1,
-1,-1,-1,-1,-1,-1,-1,-1,-1,-1,-1,-1,-1,-1,-1,-1,-1,-1,-1,-1,-1,-1,-1,-1,-1,-1,-1,-1,-1,-1,
-1,-1,-1,-1,-1,-1,-1,-1,-1,-1,-1,-1,-1,-1,-1,-1,-1,-1,-1,-1,-1,-1,-1,-1,-1,-1,-1,-1,-1,-1,
-1,-1,-1,-1,-1,-1,-1,-1,-1,-1,-1,-1,-1,-1,-1,-1,-1,-1,-1,-1,-1,-1,-1,-1,-1,-1,-1,-1,-1,-1,
