-1,-1,-1,-1,-1,-1,-1,-1,-1,-1,80,81,-1,-1,-1,-1,-1,-1,-1,-1,-1,-1,72,73,-1,-1,-1,-1,-1,-1,
-1,-1,-1,-1,-1,-1,-1,-1,-1,-1,-1,-1,-1,-1,-1,-1,-1,-1,-1,-1,-1,-1,80,81,-1,-1,-1,-1,-1,-1,
-1,-1,-1,-1,-1,-1,-1,-1,-1,-1,-1,-1,-1,-1,-1,-1,-1,-1,-1,-1,-1,-1,-1,-1,-1,-1,-1,-1,-1,-1,
-1,-1,-1,-1,-1,-1,-1,-1,-1,-1,-1,-1,-1,-1,-1,-1,-1,-1,-1,-1,-1,-1,-1,-1,-1,-1,-1,-1,-1,-1,
-1,-1,-1,-1,-1,-1,-1,-1,-1,70,71,-1,-1,-1,-1,-1,-1,-1,-1,-1,-1,-1,-1,-1,-1,-1,-1,-1,-1,-1,
-1,-1,-1,83,-1,-1,-1,-1,-1,78,79,-1,-1,-1,-1,-1,-1,-1,-1,-1,-1,85,-1,-1,-1,-1,86,-1,-1,-1,
-1,-1,83,-1,-1,-1,-1,89,90,-1,-1,-1,-1,-1,-1,-1,68,95,-1,-1,85,86,85,-1,-1,-1,86,86,-1,-1,
-1,-1,-1,-1,-1,89,90,122,123,89,90,-1,-1,-1,-1,77,76,95,-1,-1,-1,85,-1,-1,-1,-1,-1,-1,-1,-1,
-1,-1,-1,-1,-1,122,123,-1,-1,122,123,-1,-1,-1,-1,-1,-1,-1,-1,-1,-1,-1,-1,-1,-1,-1,-1,-1,-1,-1,
-1,-1,-1,-1,-1,29,29,62,62,29,61,-1,-1,-1,95,-1,-1,-1,-1,-1,-1,-1,-1,-1,66,67,-1,-1,-1,-1,
-1,-1,-1,-1,-1,86,70,62,29,62,60,-1,-1,95,77,27,28,29,-1,-1,-1,-1,-1,-1,74,75,-1,-1,-1,-1,
-1,-1,-1,-1,70,70,86,28,61,28,27,62,-1,-1,-1,60,61,62,-1,-1,-1,89,90,-1,-1,-1,-1,-1,-1,-1,
-1,-1,-1,-1,-1,61,28,28,28,61,60,62,-1,-1,-1,-1,-1,-1,-1,-1,-1,122,123,-1,-1,-1,-1,-1,77,-1,
-1,-1,-1,-1,-1,-1,62,60,-1,29,61,28,-1,-1,-1,-1,-1,-1,-1,-1,-1,-1,-1,-1,-1,-1,-1,77,-1,-1,
-1,-1,-1,-1,-1,-1,-1,-1,-1,-1,-1,-1,-1,-1,-1,-1,-1,-1,-1,-1,-1,-1,-1,-1,-1,-1,-1,-1,-1,-1,
-1,-1,-1,-1,-1,-1,-1,-1,-1,-1,-1,-1,-1,-1,-1,-1,-1,-1,-1,-1,-1,70,-1,-1,-1,-1,-1,-1,-1,-1,
-1,-1,-1,-1,-1,-1,-1,-1,-1,-1,-1,-1,-1,-1,-1,-1,-1,-1,-1,-1,-1,-1,70,-1,-1,-1,-1,-1,-1,-1,
-1,-1,-1,-1,-1,85,-1,-1,-1,-1,-1,-1,-1,-1,-1,-1,-1,-1,-1,-1,-1,-1,-1,-1,-1,-1,-1,-1,-1,-1,
-1,70,71,-1,-1,-1,-1,-1,-1,-1,-1,-1,-1,-1,-1,-1,-1,-1,89,90,-1,-1,-1,-1,-1,-1,83,83,-1,-1,
-1,78,79,-1,70,71,-1,156,95,86,95,156,-1,-1,-1,-1,-1,-1,122,123,72,73,-1,-1,-1,83,83,-1,-1,-1,
-1,-1,-1,-1,78,79,-1,95,86,95,86,95,-1,-1,-1,-1,-1,-1,-1,-1,80,81,-1,-1,83,83,70,-1,-1,-1,
-1,-1,66,67,-1,-1,-1,-1,-1,-1,-1,-1,-1,-1,-1,-1,-1,-1,-1,-1,-1,-1,-1,-1,-1,-1,-1,-1,-1,-1,
-1,-1,74,75,-1,-1,89,90,89,90,-1,-1,-1,-1,-1,85,-1,-1,-1,-1,-1,-1,-1,-1,-1,-1,-1,-1,-1,-1,
-1,-1,-1,-1,-1,-1,122,123,122,123,-1,-1,-1,-1,-1,-1,-1,-1,-1,-1,-1,-1,85,-1,-1,-1,-1,-1,-1,-1,
-1,-1,-1,-1,-1,-1,-1,-1,-1,-1,-1,-1,-1,-1,-1,-1,-1,-1,-1,-1,-1,68,-1,77,-1,-1,-1,-1,-1,-1,
-1,-1,-1,-1,-1,85,-1,-1,-1,-1,-1,-1,-1,-1,-1,-1,-1,-1,-1,-1,-1,76,-1,-1,-1,-1,-1,-1,-1,-1,
-1,-1,-1,-1,-1,-1,-1,-1,-1,-1,-1,-1,-1,-1,-1,-1,-1,-1,-1,-1,-1,-1,-1,-1,-1,-1,-1,-1,-1,-1,
-1,-1,-1,-1,-1,-1,-1,-1,-1,-1,-1,-1,-1,-1,-1,-1,-1,-1,-1,-1,-1,-1,-1,-1,66,67,-1,-1,-1,-1,
-1,-1,-1,-1,-1,-1,-1,-1,-1,-1,-1,-1,-1,-1,-1,-1,-1,-1,-1,-1,-1,-1,-1,-1,74,75,-1,-1,-1,-1,
-1,-1,-1,-1,-1,-1,-1,-1,-1,-1,-1,-1,-1,-1,-1,-1,-1,-1,-1,-1,-1,-1,-1,-1,-1,-1,-1,-1,-1,-1,
