-1,-1,-1,-1,-1,-1,-1,-1,-1,-1,-1,-1,40,41,-1,-1,-1,-1,-1,-1,-1,-1,-1,-1,-1,-1,-1,-1,-1,-1,
-1,-1,-1,-1,-1,-1,-1,-1,-1,-1,-1,-1,52,-1,-1,-1,-1,-1,-1,-1,-1,-1,-1,-1,-1,-1,-1,-1,-1,-1,
-1,-1,-1,-1,-1,-1,-1,-1,-1,-1,-1,52,-1,-1,-1,-1,-1,-1,-1,-1,134,135,135,134,134,135,-1,-1,-1,-1,
-1,-1,-1,-1,-1,-1,-1,-1,-1,-1,52,-1,-1,-1,-1,-1,-1,-1,-1,-1,167,168,168,167,167,168,-1,-1,-1,-1,
-1,-1,-1,-1,-1,66,67,-1,-1,-1,-1,-1,-1,-1,-1,-1,-1,-1,-1,-1,132,133,167,168,136,137,-1,-1,-1,-1,
-1,-1,-1,-1,-1,74,75,-1,-1,40,47,-1,-1,-1,-1,-1,-1,-1,-1,-1,165,166,167,168,169,170,-1,-1,-1,-1,
-1,-1,-1,-1,-1,-1,-1,-1,-1,40,41,-1,-1,-1,-1,66,67,-1,-1,-1,198,199,200,201,202,203,-1,-1,-1,-1,
-1,-1,-1,-1,-1,-1,-1,-1,-1,40,41,-1,-1,66,67,74,75,-1,-1,-1,231,232,233,234,235,236,-1,-1,-1,-1,
-1,-1,-1,-1,-1,-1,-1,-1,-1,40,41,-1,-1,74,75,66,67,-1,-1,-1,264,265,266,267,268,269,-1,-1,-1,-1,
-1,-1,-1,-1,-1,-1,-1,-1,-1,40,41,-1,-1,-1,-1,74,75,-1,-1,-1,297,298,105,106,301,302,-1,-1,-1,-1,
-1,-1,-1,-1,-1,-1,-1,-1,-1,40,41,-1,-1,-1,-1,-1,-1,-1,-1,-1,330,331,138,139,334,335,-1,-1,-1,-1,
-1,-1,-1,-1,-1,-1,-1,-1,-1,40,41,-1,-1,-1,-1,-1,-1,-1,-1,-1,363,364,171,172,367,368,-1,-1,-1,-1,
-1,-1,-1,-1,-1,-1,-1,-1,-1,40,41,-1,-1,-1,-1,-1,-1,-1,-1,-1,396,397,204,205,400,401,-1,-1,-1,-1,
-1,-1,-1,-1,-1,-1,-1,-1,-1,40,41,-1,-1,-1,-1,68,69,-1,-1,-1,-1,-1,-1,-1,-1,-1,-1,-1,-1,-1,
-1,-1,-1,-1,-1,-1,-1,-1,-1,-1,34,35,-1,-1,-1,76,77,-1,-1,-1,-1,-1,-1,-1,-1,-1,-1,-1,-1,-1,
-1,-1,-1,-1,-1,-1,-1,-1,-1,-1,40,41,-1,-1,-1,-1,-1,-1,-1,-1,-1,-1,-1,-1,-1,-1,-1,-1,-1,-1,
-1,-1,-1,-1,-1,-1,-1,-1,-1,-1,-1,34,35,-1,-1,-1,-1,-1,-1,-1,-1,-1,-1,-1,-1,-1,-1,-1,-1,-1,
-1,-1,-1,-1,-1,-1,-1,-1,-1,-1,-1,40,41,-1,-1,-1,-1,-1,-1,-1,-1,-1,-1,-1,-1,-1,-1,-1,-1,-1,
-1,-1,-1,-1,-1,-1,-1,66,67,-1,-1,40,41,-1,-1,-1,-1,70,71,-1,-1,-1,-1,-1,-1,-1,-1,-1,-1,-1,
-1,-1,-1,-1,-1,-1,-1,74,75,-1,-1,40,41,-1,-1,-1,-1,78,79,-1,-1,-1,-1,72,73,72,73,-1,-1,-1,
-1,-1,-1,-1,-1,-1,-1,-1,-1,-1,-1,52,-1,-1,-1,-1,-1,-1,-1,-1,-1,-1,-1,80,81,80,81,-1,-1,-1,
-1,-1,-1,-1,-1,-1,-1,-1,-1,-1,40,41,-1,-1,-1,-1,-1,-1,-1,-1,-1,-1,-1,72,73,72,73,-1,-1,-1,
-1,-1,-1,-1,-1,-1,-1,-1,-1,-1,52,-1,-1,-1,-1,-1,-1,-1,-1,-1,-1,-1,-1,80,81,80,81,-1,-1,-1,
-1,-1,-1,-1,-1,-1,-1,-1,-1,40,41,-1,-1,-1,-1,-1,-1,-1,-1,-1,-1,-1,-1,-1,-1,-1,-1,-1,-1,-1,
-1,-1,-1,-1,-1,-1,-1,-1,-1,52,-1,-1,-1,-1,-1,-1,-1,-1,-1,-1,-1,-1,-1,-1,-1,-1,-1,-1,-1,-1,
-1,-1,-1,-1,-1,-1,-1,-1,46,41,-1,-1,-1,-1,-1,-1,-1,68,69,-1,-1,-1,-1,-1,-1,-1,-1,-1,-1,-1,
-1,-1,-1,-1,-1,-1,-1,-1,52,-1,-1,-1,-1,-1,-1,-1,-1,76,77,-1,-1,-1,-1,-1,-1,-1,-1,-1,-1,-1,
-1,-1,-1,-1,-1,-1,-1,40,41,-1,-1,-1,-1,-1,-1,-1,-1,-1,-1,-1,-1,-1,-1,-1,-1,-1,-1,-1,-1,-1,
-1,-1,-1,-1,-1,-1,-1,40,41,-1,-1,-1,-1,-1,-1,-1,-1,-1,-1,-1,-1,-1,-1,-1,-1,-1,-1,-1,-1,-1,
-1,-1,-1,-1,-1,-1,-1,40,41,-1,-1,-1,-1,-1,-1,-1,-1,-1,-1,-1,-1,-1,-1,-1,-1,-1,-1,-1,-1,-1,
