-1,-1,-1,-1,-1,-1,-1,-1,-1,-1,-1,-1,-1,-1,-1,-1,-1,-1,-1,-1,-1,-1,-1,-1,-1,-1,-1,-1,-1,-1,
-1,-1,-1,-1,-1,-1,-1,70,-1,-1,-1,-1,-1,-1,-1,-1,-1,-1,-1,-1,-1,-1,-1,-1,-1,-1,-1,-1,-1,-1,
-1,-1,-1,-1,-1,-1,-1,-1,70,-1,-1,-1,-1,-1,-1,72,73,-1,-1,95,-1,-1,95,-1,-1,-1,-1,-1,-1,-1,
-1,-1,-1,-1,-1,95,-1,-1,-1,-1,-1,-1,-1,-1,-1,80,81,-1,-1,-1,-1,95,-1,-1,-1,-1,-1,-1,-1,-1,
-1,-1,117,-1,-1,-1,95,-1,-1,-1,-1,-1,-1,-1,-1,-1,-1,-1,-1,-1,-1,-1,-1,-1,-1,-1,-1,-1,-1,-1,
-1,-1,-1,-1,-1,-1,-1,-1,-1,-1,-1,95,-1,-1,-1,-1,-1,382,383,384,385,386,387,-1,-1,-1,89,90,-1,-1,
-1,-1,-1,-1,-1,-1,-1,89,90,-1,95,-1,-1,71,-1,-1,-1,415,416,417,418,419,420,-1,-1,290,122,123,-1,-1,
-1,-1,-1,-1,-1,-1,-1,122,123,-1,-1,-1,78,79,-1,-1,-1,448,449,450,451,452,453,-1,-1,-1,-1,-1,-1,-1,
-1,-1,-1,-1,-1,-1,-1,-1,-1,-1,-1,-1,-1,-1,-1,-1,-1,481,482,483,484,485,486,-1,-1,-1,-1,-1,-1,-1,
-1,-1,-1,89,90,-1,-1,-1,-1,-1,-1,-1,-1,-1,71,-1,291,514,515,516,517,518,519,291,-1,-1,-1,-1,-1,-1,
-1,-1,-1,122,123,86,-1,-1,-1,-1,-1,68,-1,78,79,-1,290,547,548,549,550,551,552,290,-1,-1,-1,-1,-1,-1,
-1,-1,-1,-1,86,86,-1,-1,-1,-1,-1,76,-1,-1,-1,-1,-1,-1,-1,-1,-1,-1,-1,-1,-1,-1,-1,-1,-1,-1,
-1,-1,-1,-1,-1,-1,-1,-1,-1,324,-1,-1,-1,-1,-1,-1,-1,-1,-1,-1,-1,-1,-1,-1,-1,-1,-1,-1,-1,-1,
-1,-1,-1,-1,-1,-1,-1,-1,324,-1,-1,-1,-1,-1,-1,-1,-1,-1,-1,-1,-1,-1,-1,-1,-1,-1,-1,-1,-1,-1,
-1,-1,-1,-1,-1,-1,-1,-1,-1,-1,-1,-1,-1,-1,-1,95,95,-1,-1,-1,-1,-1,-1,-1,117,-1,-1,-1,-1,-1,
-1,-1,-1,-1,-1,-1,-1,-1,-1,-1,-1,-1,-1,-1,-1,-1,-1,-1,-1,-1,66,67,-1,117,-1,324,-1,-1,-1,-1,
-1,-1,-1,-1,-1,-1,-1,-1,-1,-1,-1,-1,-1,-1,-1,-1,-1,-1,-1,-1,74,75,-1,-1,-1,-1,-1,-1,-1,-1,
-1,-1,-1,-1,-1,-1,-1,-1,-1,-1,-1,-1,-1,-1,-1,-1,-1,-1,-1,-1,-1,-1,-1,-1,-1,95,-1,-1,-1,-1,
-1,-1,-1,-1,-1,-1,291,-1,-1,-1,-1,-1,-1,-1,-1,-1,-1,-1,-1,-1,-1,-1,-1,-1,-1,-1,-1,-1,-1,-1,
-1,-1,-1,-1,-1,-1,-1,-1,66,67,-1,-1,323,-1,-1,-1,-1,-1,-1,-1,-1,-1,-1,-1,-1,-1,-1,-1,-1,-1,
-1,-1,-1,-1,-1,-1,-1,-1,74,75,-1,-1,-1,-1,-1,-1,-1,-1,-1,-1,-1,-1,-1,-1,-1,-1,-1,-1,-1,-1,
-1,-1,-1,95,-1,-1,-1,-1,-1,-1,-1,-1,-1,-1,-1,-1,-1,-1,-1,-1,-1,-1,-1,-1,-1,-1,-1,-1,-1,-1,
-1,-1,-1,-1,-1,-1,-1,-1,-1,-1,-1,-1,-1,-1,-1,-1,-1,-1,-1,-1,-1,-1,-1,-1,-1,-1,-1,-1,-1,-1,
-1,-1,-1,-1,-1,-1,-1,-1,-1,-1,-1,-1,-1,-1,-1,-1,-1,-1,-1,-1,-1,-1,-1,-1,-1,-1,-1,-1,-1,-1,
-1,-1,-1,-1,-1,-1,-1,-1,-1,-1,-1,-1,-1,-1,-1,-1,-1,292,-1,-1,-1,-1,-1,-1,-1,97,98,-1,-1,-1,
-1,-1,-1,-1,-1,-1,-1,-1,-1,-1,-1,-1,-1,-1,-1,-1,-1,-1,-1,-1,323,-1,-1,-1,-1,-1,-1,-1,-1,-1,
-1,-1,-1,-1,-1,-1,95,-1,-1,-1,-1,-1,-1,-1,-1,-1,-1,-1,-1,117,-1,-1,-1,-1,-1,-1,-1,-1,-1,-1,
-1,-1,-1,-1,-1,-1,-1,-1,-1,-1,-1,-1,-1,97,98,-1,-1,-1,95,-1,-1,95,95,-1,-1,-1,-1,-1,292,-1,
-1,-1,-1,-1,-1,-1,-1,-1,292,-1,-1,-1,-1,-1,-1,-1,-1,95,-1,-1,-1,-1,-1,-1,97,98,-1,-1,-1,-1,
-1,-1,-1,-1,-1,-1,-1,-1,-1,-1,-1,-1,-1,-1,-1,-1,-1,-1,-1,-1,-1,-1,-1,-1,-1,-1,-1,-1,-1,-1,
