-1,-1,-1,-1,-1,-1,-1,-1,-1,-1,-1,-1,-1,-1,-1,-1,-1,-1,-1,-1,-1,-1,-1,-1,-1,-1,-1,-1,-1,-1,
-1,-1,-1,-1,-1,-1,-1,-1,-1,-1,86,-1,-1,-1,-1,-1,-1,-1,-1,-1,-1,-1,-1,-1,-1,-1,-1,-1,-1,-1,
-1,-1,-1,-1,-1,-1,-1,-1,-1,-1,-1,-1,-1,-1,-1,-1,-1,-1,-1,-1,85,-1,-1,-1,-1,86,-1,-1,-1,-1,
-1,-1,-1,-1,-1,-1,-1,-1,-1,-1,-1,-1,-1,-1,-1,-1,-1,-1,-1,-1,-1,-1,-1,-1,-1,-1,-1,-1,-1,-1,
-1,-1,-1,-1,-1,-1,-1,-1,-1,-1,70,71,-1,-1,-1,-1,-1,86,-1,-1,-1,-1,-1,-1,-1,-1,-1,-1,-1,-1,
-1,-1,-1,-1,-1,-1,-1,-1,-1,-1,78,79,-1,-1,-1,-1,-1,-1,-1,70,71,-1,-1,-1,-1,-1,-1,-1,-1,-1,
-1,-1,-1,-1,-1,-1,-1,89,90,-1,-1,-1,-1,-1,-1,-1,-1,-1,-1,78,79,-1,-1,-1,-1,-1,-1,-1,-1,-1,
-1,-1,-1,-1,-1,-1,-1,122,123,-1,-1,-1,-1,83,-1,89,90,-1,-1,-1,-1,-1,-1,-1,83,-1,-1,-1,-1,-1,
-1,-1,-1,-1,-1,-1,-1,85,-1,-1,-1,-1,-1,-1,-1,122,123,-1,-1,-1,-1,-1,-1,-1,-1,-1,-1,-1,-1,-1,
-1,-1,-1,-1,-1,-1,-1,-1,-1,-1,-1,-1,-1,-1,-1,-1,-1,-1,-1,-1,-1,-1,-1,-1,-1,89,90,-1,-1,-1,
-1,-1,66,67,-1,-1,-1,-1,-1,-1,-1,-1,-1,-1,-1,-1,-1,-1,-1,-1,-1,-1,-1,85,-1,122,123,-1,-1,-1,
-1,-1,74,75,-1,-1,-1,-1,-1,-1,-1,-1,-1,-1,-1,-1,-1,72,73,-1,-1,-1,-1,-1,-1,-1,-1,-1,-1,-1,
-1,-1,-1,-1,-1,-1,-1,-1,-1,-1,-1,-1,83,-1,-1,-1,-1,80,81,-1,-1,-1,-1,-1,-1,-1,-1,-1,-1,-1,
-1,-1,-1,-1,-1,-1,153,154,-1,-1,-1,-1,-1,-1,-1,-1,-1,-1,-1,-1,-1,-1,-1,-1,85,-1,-1,-1,-1,-1,
-1,-1,-1,-1,-1,117,186,187,117,-1,-1,-1,-1,-1,-1,-1,-1,-1,-1,-1,70,71,-1,-1,-1,-1,-1,-1,-1,-1,
-1,-1,-1,-1,-1,-1,219,220,-1,-1,-1,-1,-1,-1,-1,-1,-1,-1,-1,-1,78,79,-1,-1,-1,-1,-1,-1,-1,-1,
-1,-1,-1,-1,-1,-1,252,253,-1,-1,-1,-1,-1,-1,85,-1,-1,-1,-1,-1,-1,70,71,-1,-1,-1,-1,-1,-1,-1,
-1,-1,-1,-1,-1,-1,-1,-1,-1,-1,89,90,-1,-1,-1,-1,-1,-1,-1,68,69,78,79,-1,-1,-1,83,-1,-1,-1,
-1,-1,-1,-1,-1,-1,-1,-1,-1,-1,122,123,-1,-1,-1,-1,-1,-1,-1,76,77,-1,-1,-1,-1,-1,-1,-1,-1,-1,
-1,-1,-1,-1,-1,-1,-1,-1,-1,-1,-1,-1,-1,-1,-1,-1,-1,-1,-1,-1,-1,-1,-1,-1,-1,-1,-1,-1,-1,-1,
-1,-1,-1,-1,-1,-1,-1,-1,-1,-1,-1,-1,-1,-1,-1,-1,-1,-1,-1,-1,-1,-1,-1,89,90,-1,-1,-1,-1,-1,
-1,-1,-1,-1,-1,-1,-1,-1,-1,86,-1,-1,-1,-1,-1,83,-1,-1,-1,-1,-1,-1,-1,122,123,-1,-1,-1,-1,-1,
-1,-1,-1,-1,-1,-1,-1,-1,-1,-1,-1,-1,-1,-1,-1,-1,-1,-1,-1,-1,-1,-1,-1,-1,-1,-1,-1,-1,-1,-1,
-1,-1,-1,-1,-1,-1,-1,-1,-1,-1,-1,-1,-1,-1,-1,-1,-1,-1,-1,70,71,-1,-1,86,-1,-1,-1,85,-1,-1,
-1,-1,-1,-1,-1,-1,-1,-1,-1,-1,-1,-1,-1,-1,-1,-1,-1,-1,-1,78,79,-1,-1,-1,-1,-1,-1,-1,-1,-1,
-1,-1,-1,-1,-1,-1,-1,89,90,-1,-1,-1,-1,-1,-1,-1,-1,-1,-1,-1,-1,-1,-1,-1,-1,-1,-1,-1,-1,-1,
-1,-1,-1,-1,-1,-1,-1,122,123,-1,-1,-1,-1,-1,-1,-1,-1,-1,-1,-1,-1,-1,-1,-1,-1,-1,-1,-1,-1,-1,
-1,-1,-1,-1,-1,-1,-1,-1,-1,-1,86,-1,-1,-1,-1,86,-1,-1,-1,-1,-1,-1,-1,-1,-1,86,-1,-1,-1,-1,
-1,-1,-1,-1,-1,-1,-1,-1,-1,-1,-1,-1,-1,-1,-1,-1,-1,-1,-1,-1,-1,-1,-1,-1,-1,-1,-1,-1,-1,-1,
-1,-1,-1,-1,-1,-1,-1,-1,-1,-1,-1,-1,-1,-1,-1,-1,-1,-1,-1,-1,-1,-1,-1,-1,-1,-1,-1,-1,-1,-1,
