-1,-1,-1,-1,-1,-1,-1,-1,-1,-1,-1,-1,-1,-1,-1,-1,-1,-1,-1,-1,-1,-1,-1,-1,-1,-1,-1,-1,-1,-1,
-1,-1,-1,-1,-1,-1,-1,-1,-1,-1,-1,-1,-1,-1,-1,-1,-1,-1,-1,-1,-1,-1,85,-1,-1,-1,-1,-1,-1,-1,
-1,-1,-1,-1,-1,-1,290,-1,-1,-1,-1,-1,-1,66,67,-1,-1,-1,70,71,-1,-1,-1,-1,-1,-1,-1,-1,-1,-1,
-1,-1,-1,-1,-1,-1,-1,-1,-1,-1,-1,-1,-1,74,75,-1,-1,-1,78,79,-1,-1,-1,-1,-1,-1,-1,-1,-1,-1,
-1,-1,-1,-1,-1,-1,594,595,596,597,-1,85,-1,-1,-1,291,-1,-1,-1,-1,-1,-1,-1,-1,-1,-1,-1,290,-1,-1,
-1,-1,-1,-1,-1,-1,627,628,629,630,-1,-1,-1,-1,-1,-1,-1,-1,-1,-1,-1,-1,-1,594,595,596,597,-1,-1,-1,
-1,-1,86,-1,-1,-1,660,661,662,663,-1,-1,-1,-1,-1,-1,-1,-1,-1,-1,-1,-1,-1,627,628,629,630,-1,-1,-1,
-1,-1,-1,-1,-1,-1,693,694,695,696,-1,-1,-1,-1,-1,-1,-1,-1,72,73,-1,-1,-1,660,661,662,663,-1,-1,-1,
-1,-1,-1,-1,-1,-1,726,727,728,97,98,-1,-1,-1,-1,-1,-1,-1,80,81,-1,-1,97,98,694,695,696,-1,-1,-1,
-1,-1,-1,-1,-1,-1,97,98,-1,64,65,-1,-1,-1,-1,-1,-1,-1,-1,-1,-1,-1,-1,726,727,728,729,-1,-1,-1,
-1,-1,-1,-1,-1,-1,-1,-1,-1,-1,-1,-1,-1,-1,-1,-1,-1,-1,-1,-1,-1,-1,-1,-1,-1,-1,-1,-1,-1,-1,
-1,-1,-1,-1,-1,-1,-1,-1,-1,-1,-1,-1,72,73,-1,-1,-1,-1,-1,-1,-1,-1,-1,-1,-1,-1,-1,-1,-1,-1,
-1,-1,-1,-1,-1,-1,-1,290,-1,-1,-1,-1,80,81,-1,-1,-1,-1,225,226,225,226,-1,-1,-1,-1,66,67,-1,-1,
-1,-1,-1,-1,-1,-1,-1,-1,-1,-1,-1,-1,-1,-1,-1,-1,-1,-1,258,259,258,259,-1,-1,-1,-1,74,75,-1,-1,
-1,-1,-1,-1,-1,-1,-1,-1,-1,-1,70,71,-1,-1,-1,-1,-1,-1,225,226,225,226,-1,-1,-1,-1,-1,-1,-1,-1,
-1,-1,-1,-1,-1,-1,-1,-1,-1,-1,78,79,-1,-1,-1,-1,-1,-1,258,259,258,259,-1,-1,-1,-1,-1,-1,-1,-1,
-1,-1,-1,-1,-1,68,69,-1,-1,-1,-1,-1,-1,291,-1,-1,-1,-1,-1,-1,-1,-1,-1,-1,-1,-1,70,71,-1,-1,
-1,-1,-1,-1,-1,76,77,-1,-1,-1,-1,-1,-1,-1,-1,-1,-1,-1,-1,-1,-1,-1,-1,-1,-1,-1,78,79,-1,-1,
-1,-1,-1,-1,-1,-1,-1,-1,-1,594,595,596,597,-1,-1,-1,324,-1,-1,-1,-1,-1,-1,-1,-1,68,69,-1,-1,-1,
-1,-1,-1,-1,-1,-1,-1,-1,-1,627,628,629,630,-1,-1,-1,-1,-1,-1,-1,-1,-1,-1,-1,-1,76,77,-1,-1,-1,
-1,-1,-1,-1,-1,-1,-1,-1,-1,660,661,662,663,-1,72,73,-1,-1,-1,-1,-1,-1,-1,-1,-1,-1,-1,-1,-1,-1,
-1,-1,-1,-1,-1,-1,-1,-1,97,98,694,695,696,-1,80,81,-1,-1,-1,-1,-1,-1,594,595,596,597,-1,-1,-1,-1,
-1,-1,66,67,-1,-1,-1,-1,-1,726,727,728,729,-1,-1,-1,-1,-1,-1,-1,-1,-1,627,628,629,630,-1,85,-1,-1,
-1,-1,74,75,-1,-1,-1,-1,-1,-1,97,98,-1,-1,-1,-1,-1,-1,-1,-1,-1,-1,660,661,662,663,-1,-1,-1,-1,
-1,-1,-1,-1,-1,-1,-1,-1,-1,-1,-1,-1,-1,-1,-1,-1,-1,-1,-1,-1,97,98,693,694,695,696,-1,-1,-1,-1,
-1,-1,-1,-1,-1,-1,-1,70,71,-1,-1,-1,-1,-1,-1,-1,-1,-1,-1,-1,-1,-1,726,727,728,729,-1,-1,-1,-1,
-1,-1,-1,-1,-1,-1,-1,78,79,-1,-1,-1,-1,-1,-1,-1,-1,66,67,-1,-1,-1,-1,97,98,-1,-1,-1,-1,-1,
-1,-1,86,-1,-1,-1,-1,-1,-1,-1,-1,-1,-1,-1,291,-1,-1,74,75,-1,-1,-1,-1,-1,-1,-1,-1,-1,-1,-1,
-1,-1,-1,-1,-1,-1,-1,-1,-1,-1,-1,-1,-1,-1,-1,-1,-1,-1,-1,-1,-1,-1,-1,-1,-1,-1,-1,-1,-1,-1,
-1,-1,-1,-1,-1,-1,-1,-1,-1,-1,-1,-1,-1,-1,-1,-1,-1,-1,-1,-1,-1,-1,-1,-1,-1,-1,-1,-1,-1,-1,
