-1,-1,-1,-1,-1,-1,-1,-1,-1,-1,-1,-1,-1,-1,-1,-1,-1,-1,-1,-1,-1,-1,-1,-1,-1,-1,-1,-1,-1,-1,
-1,-1,-1,-1,290,-1,-1,-1,-1,-1,-1,-1,-1,-1,-1,-1,290,-1,-1,-1,-1,-1,-1,-1,-1,-1,-1,-1,-1,-1,
-1,-1,-1,-1,-1,-1,-1,70,71,-1,324,-1,-1,-1,-1,-1,-1,324,-1,-1,-1,-1,-1,-1,-1,-1,-1,-1,-1,-1,
-1,-1,-1,95,-1,-1,-1,78,79,-1,-1,-1,-1,95,-1,-1,-1,-1,-1,-1,-1,-1,-1,-1,-1,-1,-1,-1,-1,-1,
-1,-1,-1,-1,-1,290,-1,-1,324,-1,-1,290,-1,-1,-1,66,67,-1,-1,-1,-1,-1,107,108,-1,-1,-1,-1,-1,-1,
-1,-1,324,-1,-1,-1,-1,-1,-1,-1,-1,-1,-1,-1,-1,74,75,-1,-1,-1,-1,-1,140,141,-1,-1,-1,-1,-1,-1,
-1,-1,-1,-1,66,67,-1,-1,-1,290,-1,-1,324,-1,-1,-1,-1,-1,-1,-1,-1,-1,173,174,-1,-1,-1,-1,-1,-1,
-1,-1,-1,-1,74,75,-1,-1,-1,-1,-1,-1,-1,-1,-1,290,324,-1,-1,-1,-1,-1,-1,-1,-1,-1,-1,-1,-1,-1,
-1,-1,-1,-1,-1,290,-1,-1,-1,95,-1,-1,324,-1,-1,-1,-1,-1,-1,-1,-1,-1,-1,-1,-1,-1,-1,-1,-1,-1,
-1,-1,95,-1,-1,-1,-1,-1,-1,-1,290,-1,-1,70,71,-1,324,-1,-1,-1,-1,-1,-1,-1,-1,-1,-1,-1,-1,-1,
-1,-1,-1,-1,-1,-1,-1,324,-1,-1,-1,-1,-1,78,79,-1,-1,-1,-1,-1,-1,-1,-1,-1,-1,-1,-1,-1,-1,-1,
-1,-1,-1,-1,290,-1,-1,-1,324,-1,-1,324,-1,-1,-1,-1,-1,95,-1,107,108,-1,-1,-1,-1,-1,-1,-1,-1,-1,
-1,-1,-1,-1,-1,-1,-1,-1,-1,-1,-1,-1,290,-1,-1,-1,-1,-1,-1,140,141,-1,-1,-1,-1,-1,-1,-1,-1,-1,
-1,-1,290,-1,-1,324,-1,-1,-1,66,67,-1,-1,-1,-1,-1,324,-1,-1,173,174,-1,-1,-1,-1,-1,-1,-1,-1,-1,
-1,-1,-1,-1,-1,-1,-1,-1,-1,74,75,-1,-1,-1,-1,-1,290,-1,-1,-1,-1,-1,-1,-1,-1,-1,-1,-1,-1,-1,
-1,-1,-1,-1,95,-1,-1,290,-1,-1,324,-1,-1,324,-1,-1,-1,-1,-1,-1,-1,-1,-1,-1,-1,-1,-1,-1,-1,-1,
-1,324,-1,-1,-1,-1,-1,-1,290,-1,-1,-1,-1,-1,-1,-1,-1,-1,-1,-1,-1,107,108,-1,-1,-1,-1,-1,-1,-1,
-1,-1,-1,-1,-1,-1,-1,-1,-1,-1,-1,-1,-1,-1,290,290,-1,-1,-1,-1,-1,140,141,-1,-1,-1,-1,-1,-1,-1,
-1,-1,-1,-1,324,-1,-1,324,-1,-1,324,-1,-1,-1,-1,-1,-1,95,-1,-1,-1,173,174,-1,-1,-1,-1,-1,-1,-1,
-1,-1,-1,-1,-1,70,71,-1,-1,-1,-1,95,-1,-1,-1,-1,-1,-1,-1,-1,-1,-1,-1,107,108,-1,-1,-1,-1,-1,
-1,95,-1,-1,-1,78,79,-1,-1,-1,-1,-1,-1,66,67,324,-1,-1,-1,-1,-1,-1,-1,140,141,-1,-1,-1,-1,-1,
-1,-1,-1,-1,-1,324,-1,-1,-1,-1,-1,-1,-1,74,75,-1,-1,324,-1,-1,-1,-1,-1,173,174,-1,-1,-1,-1,-1,
-1,-1,-1,290,-1,-1,-1,-1,-1,290,-1,-1,-1,-1,-1,-1,-1,-1,-1,-1,-1,-1,-1,-1,107,108,-1,-1,-1,-1,
-1,-1,-1,-1,-1,-1,290,-1,-1,-1,324,-1,-1,-1,-1,-1,-1,-1,95,-1,-1,-1,-1,-1,140,141,-1,-1,-1,-1,
-1,324,-1,-1,66,67,-1,-1,-1,-1,-1,-1,290,-1,-1,-1,290,-1,-1,-1,-1,-1,-1,-1,173,174,-1,-1,-1,-1,
-1,-1,-1,-1,74,75,-1,-1,-1,95,-1,-1,-1,-1,-1,-1,-1,-1,-1,-1,-1,-1,-1,-1,-1,-1,-1,-1,-1,-1,
-1,-1,-1,-1,-1,-1,-1,-1,-1,-1,-1,324,-1,-1,324,-1,-1,-1,-1,324,-1,-1,-1,-1,-1,-1,-1,-1,-1,-1,
-1,-1,-1,290,-1,-1,-1,-1,-1,-1,-1,-1,-1,-1,-1,-1,95,-1,-1,-1,-1,-1,-1,-1,-1,-1,-1,-1,-1,-1,
-1,-1,-1,-1,-1,95,-1,324,-1,-1,290,-1,-1,324,-1,-1,-1,-1,-1,-1,-1,-1,-1,-1,-1,-1,-1,-1,-1,-1,
-1,-1,-1,-1,-1,-1,-1,-1,-1,-1,-1,-1,-1,-1,-1,-1,-1,-1,-1,324,-1,-1,-1,-1,-1,-1,-1,-1,-1,-1,
