-1,-1,-1,-1,-1,-1,-1,-1,-1,-1,-1,-1,-1,-1,-1,-1,-1,-1,-1,-1,-1,-1,-1,-1,-1,-1,-1,-1,-1,-1,
-1,-1,-1,-1,-1,-1,-1,-1,-1,-1,-1,-1,-1,-1,-1,-1,-1,-1,-1,-1,-1,-1,-1,-1,-1,-1,-1,-1,-1,-1,
-1,-1,-1,-1,-1,-1,-1,-1,-1,-1,-1,-1,-1,-1,-1,-1,-1,290,-1,-1,-1,-1,-1,-1,-1,-1,-1,-1,-1,-1,
-1,-1,-1,-1,-1,-1,-1,-1,-1,-1,-1,-1,-1,-1,-1,-1,-1,-1,-1,-1,-1,-1,-1,-1,-1,-1,-1,-1,-1,-1,
-1,-1,-1,323,323,-1,-1,-1,89,90,-1,-1,-1,-1,-1,-1,-1,-1,155,-1,-1,-1,-1,-1,-1,-1,-1,-1,-1,-1,
-1,-1,-1,-1,-1,323,-1,-1,122,123,-1,-1,-1,-1,-1,-1,-1,155,-1,-1,-1,-1,-1,-1,-1,-1,-1,-1,-1,-1,
-1,-1,-1,-1,-1,-1,89,90,-1,-1,-1,-1,-1,-1,-1,-1,-1,-1,-1,-1,-1,-1,-1,-1,68,-1,-1,-1,-1,-1,
-1,-1,-1,-1,-1,-1,122,123,-1,-1,-1,-1,-1,-1,-1,-1,-1,-1,-1,-1,-1,-1,-1,-1,76,-1,-1,-1,-1,-1,
-1,-1,-1,-1,-1,-1,-1,-1,-1,-1,-1,-1,-1,-1,-1,-1,-1,-1,-1,-1,-1,-1,-1,-1,-1,-1,-1,77,-1,-1,
-1,-1,-1,-1,290,83,-1,-1,-1,-1,-1,-1,-1,290,-1,-1,-1,-1,324,-1,-1,-1,89,90,-1,-1,-1,-1,-1,-1,
-1,-1,-1,292,83,-1,-1,-1,-1,-1,-1,-1,290,291,-1,-1,-1,-1,77,291,89,90,122,123,-1,-1,-1,-1,-1,-1,
-1,-1,-1,-1,-1,-1,-1,-1,-1,-1,-1,-1,-1,-1,-1,-1,-1,-1,89,90,122,123,-1,-1,-1,-1,-1,-1,-1,-1,
-1,-1,-1,-1,-1,-1,-1,291,-1,-1,89,90,-1,-1,-1,70,-1,-1,122,123,-1,-1,-1,-1,-1,-1,-1,-1,-1,-1,
-1,-1,-1,-1,-1,-1,-1,-1,-1,-1,122,123,-1,-1,-1,-1,-1,-1,-1,-1,-1,-1,-1,-1,-1,-1,-1,-1,-1,-1,
-1,-1,-1,-1,-1,-1,-1,-1,-1,-1,-1,-1,-1,-1,324,86,-1,-1,-1,-1,-1,-1,-1,-1,-1,85,-1,-1,-1,-1,
-1,-1,-1,-1,-1,-1,-1,-1,66,67,-1,-1,-1,-1,86,-1,-1,70,-1,-1,-1,-1,-1,-1,-1,-1,-1,-1,-1,-1,
-1,-1,-1,291,-1,-1,-1,-1,74,75,-1,-1,-1,-1,-1,-1,-1,-1,-1,-1,72,73,-1,-1,-1,-1,-1,-1,-1,-1,
-1,-1,290,-1,-1,95,-1,95,-1,-1,-1,-1,-1,-1,-1,-1,-1,-1,-1,-1,80,81,-1,-1,-1,89,90,-1,-1,-1,
-1,-1,-1,-1,-1,-1,95,-1,-1,-1,-1,-1,-1,-1,93,94,-1,-1,-1,-1,-1,-1,-1,-1,-1,122,123,-1,-1,-1,
-1,-1,-1,-1,-1,-1,-1,-1,-1,-1,-1,95,-1,325,126,127,325,-1,95,-1,-1,-1,95,291,77,-1,-1,-1,-1,-1,
-1,-1,-1,-1,-1,-1,-1,-1,-1,-1,-1,-1,-1,-1,-1,-1,-1,-1,-1,-1,-1,-1,-1,-1,-1,-1,-1,-1,-1,-1,
-1,-1,-1,-1,-1,-1,-1,-1,-1,-1,-1,-1,-1,-1,-1,-1,-1,-1,-1,-1,-1,-1,-1,-1,-1,-1,-1,-1,-1,-1,
-1,-1,-1,-1,-1,95,-1,-1,-1,-1,-1,-1,-1,-1,-1,-1,-1,-1,-1,-1,-1,-1,-1,-1,-1,-1,-1,-1,95,-1,
-1,-1,-1,-1,-1,-1,-1,-1,-1,-1,-1,-1,-1,-1,-1,-1,-1,-1,-1,-1,-1,-1,-1,-1,-1,-1,-1,95,95,95,
-1,-1,-1,-1,-1,-1,-1,-1,-1,-1,-1,-1,-1,-1,-1,-1,-1,-1,-1,-1,95,292,95,-1,-1,70,-1,-1,-1,-1,
-1,-1,-1,-1,-1,-1,89,90,-1,-1,-1,-1,-1,-1,-1,-1,-1,-1,-1,-1,-1,-1,292,95,-1,-1,-1,70,-1,-1,
-1,-1,-1,292,-1,-1,122,123,-1,89,90,-1,-1,70,70,-1,-1,-1,-1,-1,-1,-1,-1,-1,-1,-1,-1,-1,-1,-1,
-1,-1,292,-1,-1,-1,-1,-1,-1,122,123,-1,-1,-1,-1,-1,-1,-1,-1,-1,-1,-1,-1,-1,-1,-1,-1,-1,-1,-1,
-1,-1,-1,-1,-1,-1,-1,-1,-1,-1,-1,324,-1,95,-1,-1,-1,-1,-1,-1,-1,-1,-1,-1,-1,-1,-1,-1,-1,-1,
-1,-1,-1,-1,-1,-1,-1,-1,-1,-1,-1,-1,-1,-1,-1,-1,-1,-1,-1,-1,-1,-1,-1,-1,-1,-1,-1,-1,-1,-1,
