-1,-1,-1,-1,-1,-1,-1,-1,-1,-1,-1,-1,-1,-1,-1,-1,-1,-1,-1,-1,-1,-1,-1,-1,-1,-1,-1,-1,-1,-1,
-1,-1,-1,-1,-1,-1,-1,-1,-1,-1,323,-1,-1,-1,-1,-1,-1,-1,-1,-1,-1,-1,-1,-1,-1,-1,-1,-1,-1,-1,
-1,-1,66,67,-1,-1,-1,-1,-1,-1,-1,-1,-1,-1,-1,-1,-1,-1,-1,323,-1,-1,-1,-1,-1,-1,-1,-1,-1,-1,
-1,-1,74,75,-1,-1,-1,-1,-1,-1,-1,-1,-1,-1,-1,-1,-1,-1,-1,-1,-1,-1,-1,-1,-1,-1,-1,-1,-1,-1,
-1,-1,-1,-1,-1,-1,290,-1,-1,-1,-1,-1,-1,70,71,-1,-1,-1,-1,-1,-1,-1,-1,-1,-1,-1,-1,-1,-1,-1,
-1,-1,-1,-1,-1,-1,-1,-1,-1,-1,-1,-1,-1,78,79,-1,66,67,-1,-1,-1,-1,107,108,-1,-1,-1,-1,-1,-1,
-1,-1,323,-1,-1,-1,-1,-1,-1,-1,-1,-1,-1,-1,-1,-1,74,75,-1,290,-1,-1,140,141,-1,-1,-1,-1,-1,-1,
-1,-1,-1,-1,-1,-1,-1,-1,-1,-1,290,-1,-1,-1,-1,-1,-1,-1,-1,-1,-1,-1,173,174,-1,-1,-1,-1,-1,-1,
-1,-1,-1,-1,-1,-1,77,-1,-1,-1,-1,-1,-1,-1,-1,-1,-1,-1,-1,-1,-1,-1,-1,-1,-1,-1,-1,-1,-1,-1,
-1,-1,-1,-1,-1,-1,-1,66,67,-1,-1,-1,-1,-1,-1,-1,-1,323,-1,-1,-1,-1,-1,-1,-1,-1,-1,-1,-1,-1,
-1,-1,-1,-1,-1,-1,-1,74,75,-1,-1,-1,-1,-1,-1,91,92,93,94,-1,-1,-1,-1,-1,-1,-1,-1,-1,-1,-1,
-1,-1,290,-1,-1,-1,-1,-1,-1,-1,-1,323,-1,-1,-1,124,125,126,127,-1,-1,-1,-1,107,108,-1,-1,-1,-1,-1,
-1,-1,-1,-1,-1,-1,-1,-1,-1,-1,-1,-1,-1,-1,99,100,101,102,103,104,-1,-1,-1,140,141,-1,-1,-1,-1,-1,
-1,-1,-1,-1,-1,-1,-1,290,-1,-1,-1,-1,-1,-1,132,85,83,85,85,137,-1,-1,-1,173,174,-1,-1,-1,-1,-1,
-1,-1,-1,-1,-1,-1,-1,-1,-1,-1,-1,-1,161,162,165,83,151,152,85,170,161,162,-1,-1,-1,-1,-1,-1,-1,-1,
-1,-1,-1,-1,323,-1,-1,-1,77,-1,-1,-1,194,195,198,85,184,185,83,203,194,195,-1,-1,-1,-1,-1,-1,-1,-1,
-1,-1,-1,-1,-1,-1,-1,-1,-1,-1,-1,-1,89,90,231,85,85,83,85,236,89,90,-1,-1,-1,-1,-1,-1,-1,-1,
-1,-1,-1,-1,-1,-1,-1,-1,-1,-1,-1,-1,122,123,264,265,266,267,268,269,122,123,-1,-1,-1,-1,-1,-1,-1,-1,
-1,-1,-1,-1,-1,-1,70,71,-1,-1,-1,-1,161,162,297,298,299,300,301,302,161,162,-1,-1,-1,-1,-1,-1,-1,-1,
-1,-1,-1,-1,290,-1,78,79,-1,-1,-1,-1,194,195,330,331,332,333,334,335,194,195,-1,-1,-1,-1,-1,-1,-1,-1,
-1,-1,-1,-1,-1,-1,-1,-1,-1,-1,323,-1,155,156,363,364,365,366,367,368,155,156,-1,-1,-1,-1,-1,-1,-1,-1,
-1,-1,66,67,-1,-1,-1,-1,-1,-1,-1,-1,188,189,396,397,398,399,400,401,188,189,-1,-1,-1,107,108,-1,-1,-1,
-1,-1,74,75,-1,-1,-1,-1,66,67,-1,-1,155,156,155,156,155,156,155,156,155,156,-1,-1,-1,140,141,-1,-1,-1,
-1,-1,-1,-1,-1,-1,-1,77,74,75,-1,-1,188,189,188,189,188,189,188,189,188,189,-1,-1,-1,173,174,-1,-1,-1,
-1,-1,323,-1,-1,-1,-1,-1,-1,-1,-1,-1,-1,-1,-1,-1,-1,-1,-1,-1,-1,-1,-1,-1,-1,-1,-1,-1,-1,-1,
-1,-1,-1,-1,-1,-1,-1,-1,-1,-1,-1,-1,70,71,-1,-1,-1,-1,-1,-1,-1,-1,-1,-1,-1,-1,-1,-1,107,108,
-1,-1,-1,-1,-1,-1,-1,-1,-1,323,-1,-1,78,79,-1,-1,155,156,-1,-1,-1,290,-1,-1,-1,-1,-1,-1,140,141,
-1,-1,-1,-1,-1,-1,-1,-1,-1,-1,-1,-1,-1,-1,-1,-1,188,189,-1,-1,-1,-1,-1,-1,-1,-1,-1,-1,173,174,
89,90,89,90,161,162,89,90,89,90,161,162,89,90,89,90,89,90,161,162,89,90,89,90,161,162,161,162,89,90,
122,123,122,123,194,195,122,123,122,123,194,195,122,123,122,123,122,123,194,195,122,123,122,123,194,195,194,195,122,123,
