-1,-1,-1,-1,-1,-1,-1,-1,-1,-1,70,71,-1,-1,-1,-1,-1,-1,-1,-1,-1,-1,-1,-1,-1,-1,-1,-1,-1,-1,
-1,-1,-1,-1,-1,-1,-1,-1,-1,-1,78,79,-1,-1,-1,-1,-1,-1,70,71,-1,-1,-1,-1,-1,-1,-1,-1,-1,-1,
-1,-1,-1,-1,-1,-1,-1,-1,-1,-1,-1,-1,-1,-1,-1,-1,-1,-1,78,79,-1,-1,-1,-1,-1,-1,-1,-1,-1,-1,
-1,70,71,-1,-1,-1,72,73,-1,-1,-1,-1,-1,-1,70,71,-1,-1,-1,-1,70,71,-1,-1,72,73,-1,-1,-1,-1,
-1,78,79,-1,-1,-1,80,81,-1,-1,-1,-1,-1,-1,78,79,-1,-1,-1,-1,78,79,-1,-1,80,81,-1,-1,-1,-1,
-1,-1,-1,-1,-1,-1,-1,-1,-1,-1,-1,-1,-1,-1,-1,-1,-1,-1,-1,-1,-1,-1,-1,-1,-1,-1,-1,-1,-1,-1,
-1,-1,66,67,-1,-1,-1,-1,-1,-1,-1,-1,-1,-1,-1,-1,-1,68,69,-1,-1,-1,-1,-1,-1,117,-1,-1,-1,-1,
-1,-1,74,75,-1,85,-1,-1,-1,-1,594,595,596,597,-1,-1,-1,76,77,-1,70,71,-1,-1,-1,-1,-1,-1,-1,-1,
-1,-1,-1,70,71,-1,-1,-1,-1,-1,627,628,629,630,-1,-1,-1,-1,-1,-1,78,79,-1,-1,66,67,-1,70,71,-1,
-1,-1,-1,78,79,-1,-1,-1,-1,-1,660,661,662,663,-1,-1,-1,-1,-1,-1,-1,-1,-1,-1,74,75,-1,78,79,-1,
-1,-1,-1,-1,-1,-1,-1,-1,-1,-1,693,694,695,696,-1,-1,-1,-1,-1,117,-1,-1,-1,-1,-1,-1,-1,-1,-1,-1,
-1,-1,-1,-1,-1,-1,85,-1,-1,-1,726,727,728,729,-1,-1,-1,-1,-1,70,71,-1,72,73,-1,-1,-1,-1,-1,-1,
-1,-1,85,-1,-1,68,69,-1,-1,-1,-1,-1,-1,-1,-1,70,71,-1,-1,78,79,-1,80,81,-1,-1,85,-1,-1,-1,
-1,-1,-1,-1,-1,76,77,-1,-1,-1,-1,70,71,-1,-1,78,79,-1,-1,-1,-1,-1,-1,-1,-1,-1,-1,-1,-1,-1,
-1,70,71,-1,-1,-1,-1,-1,-1,-1,-1,78,79,70,71,-1,68,69,-1,-1,-1,-1,-1,-1,-1,-1,-1,-1,-1,-1,
-1,78,79,-1,66,67,-1,-1,-1,-1,-1,-1,-1,78,79,-1,76,77,-1,-1,-1,117,-1,-1,-1,66,67,-1,70,71,
-1,-1,-1,-1,74,75,-1,117,-1,-1,-1,-1,-1,-1,-1,-1,-1,-1,-1,85,-1,-1,-1,-1,-1,74,75,-1,78,79,
-1,-1,-1,-1,-1,-1,-1,-1,-1,-1,-1,-1,70,71,-1,-1,-1,-1,-1,-1,-1,-1,-1,-1,-1,-1,-1,-1,-1,-1,
-1,85,-1,-1,-1,-1,-1,-1,72,73,-1,-1,78,79,-1,-1,-1,-1,-1,-1,-1,-1,-1,-1,-1,-1,-1,-1,-1,-1,
-1,-1,-1,-1,-1,-1,-1,-1,80,81,-1,-1,-1,-1,-1,-1,-1,-1,-1,-1,95,95,89,90,95,95,-1,-1,-1,-1,
-1,-1,-1,70,71,161,162,-1,-1,-1,-1,-1,-1,-1,-1,-1,66,67,-1,-1,95,83,122,123,83,95,70,71,-1,-1,
-1,-1,-1,78,79,194,195,-1,-1,-1,-1,117,-1,-1,-1,-1,74,75,-1,-1,89,90,-1,-1,89,90,78,79,-1,-1,
-1,-1,-1,-1,-1,228,228,-1,-1,-1,-1,-1,-1,-1,-1,-1,-1,-1,-1,-1,122,123,-1,-1,122,123,-1,-1,-1,-1,
-1,-1,-1,-1,-1,-1,-1,-1,-1,-1,-1,-1,-1,-1,-1,-1,-1,-1,-1,-1,95,83,89,90,83,95,-1,-1,-1,-1,
-1,-1,-1,-1,-1,68,69,-1,-1,-1,-1,-1,-1,-1,70,71,-1,-1,-1,-1,95,95,122,123,95,95,-1,-1,-1,-1,
-1,-1,-1,-1,-1,76,77,-1,-1,-1,-1,-1,66,67,78,79,-1,-1,-1,72,73,-1,-1,-1,-1,-1,-1,-1,-1,-1,
-1,-1,-1,-1,-1,-1,-1,-1,-1,-1,-1,-1,74,75,-1,-1,-1,-1,-1,80,81,-1,-1,-1,-1,-1,-1,-1,-1,-1,
-1,-1,-1,-1,-1,-1,-1,-1,-1,70,71,-1,-1,-1,-1,-1,-1,-1,-1,-1,-1,-1,-1,-1,-1,-1,85,-1,-1,-1,
-1,-1,-1,-1,-1,-1,-1,-1,-1,78,79,-1,-1,-1,-1,-1,-1,-1,-1,-1,70,71,-1,-1,-1,-1,-1,-1,161,162,
-1,-1,-1,-1,-1,-1,-1,-1,-1,-1,-1,-1,-1,-1,-1,-1,-1,-1,-1,-1,78,79,-1,-1,-1,-1,-1,-1,194,195,
