-1,-1,-1,-1,-1,-1,-1,-1,-1,-1,-1,-1,-1,-1,-1,-1,-1,-1,-1,-1,-1,-1,-1,-1,-1,-1,-1,-1,-1,-1,
-1,-1,-1,-1,-1,-1,-1,-1,-1,-1,-1,-1,95,-1,-1,-1,-1,-1,-1,-1,-1,-1,-1,-1,-1,-1,-1,-1,-1,-1,
-1,-1,-1,-1,-1,-1,-1,-1,-1,-1,-1,-1,-1,-1,-1,-1,68,69,-1,-1,-1,-1,-1,-1,-1,-1,-1,-1,-1,-1,
-1,-1,-1,-1,-1,-1,-1,-1,-1,-1,-1,-1,-1,72,73,-1,76,77,-1,-1,-1,72,73,-1,-1,95,-1,-1,-1,-1,
-1,-1,95,-1,-1,-1,-1,95,-1,-1,-1,-1,-1,80,81,-1,-1,-1,-1,-1,-1,80,81,-1,-1,-1,-1,-1,-1,-1,
-1,-1,-1,-1,-1,-1,-1,-1,-1,-1,-1,-1,-1,-1,-1,-1,-1,-1,-1,-1,-1,-1,-1,-1,-1,-1,-1,-1,-1,-1,
-1,-1,-1,-1,-1,-1,-1,-1,-1,-1,-1,-1,-1,-1,-1,-1,-1,-1,-1,-1,-1,-1,-1,95,-1,-1,-1,-1,-1,-1,
-1,-1,-1,-1,-1,-1,-1,72,73,-1,-1,68,69,-1,-1,-1,-1,-1,-1,-1,-1,-1,-1,-1,-1,-1,-1,-1,-1,-1,
-1,95,-1,-1,-1,-1,-1,80,81,-1,-1,76,77,-1,-1,-1,-1,-1,-1,-1,-1,-1,-1,-1,-1,-1,-1,-1,-1,-1,
-1,-1,-1,-1,-1,-1,-1,-1,-1,-1,-1,-1,-1,-1,-1,-1,-1,-1,-1,-1,-1,-1,-1,-1,-1,-1,-1,-1,-1,-1,
-1,-1,-1,72,73,-1,-1,-1,-1,-1,-1,-1,-1,-1,-1,-1,-1,-1,-1,-1,72,73,-1,-1,-1,-1,-1,95,-1,-1,
-1,-1,-1,80,81,-1,-1,-1,-1,-1,-1,-1,-1,-1,-1,-1,-1,-1,-1,-1,80,81,-1,-1,-1,-1,-1,-1,-1,-1,
-1,-1,-1,-1,-1,-1,-1,-1,-1,-1,-1,-1,-1,-1,-1,-1,68,69,-1,-1,-1,-1,-1,-1,-1,-1,-1,-1,-1,-1,
-1,-1,-1,-1,-1,-1,-1,-1,-1,72,73,-1,-1,-1,-1,-1,76,77,-1,-1,-1,-1,-1,-1,95,-1,-1,-1,-1,-1,
-1,-1,-1,-1,-1,-1,95,-1,-1,80,81,-1,-1,-1,-1,-1,-1,-1,-1,-1,-1,-1,-1,-1,-1,-1,72,73,-1,-1,
-1,-1,-1,-1,-1,-1,-1,-1,-1,-1,-1,-1,-1,-1,95,-1,-1,-1,-1,-1,-1,-1,-1,-1,-1,-1,80,81,-1,-1,
-1,-1,95,-1,-1,-1,-1,-1,-1,-1,-1,-1,-1,-1,-1,-1,-1,-1,-1,-1,68,69,-1,-1,-1,-1,-1,-1,-1,-1,
-1,-1,-1,-1,-1,-1,-1,-1,-1,-1,-1,-1,-1,-1,-1,-1,-1,-1,-1,-1,76,77,-1,-1,-1,-1,-1,-1,-1,-1,
-1,-1,-1,-1,89,90,-1,-1,-1,89,90,28,-1,-1,89,90,28,28,89,90,-1,-1,-1,95,-1,-1,28,95,-1,-1,
-1,-1,-1,-1,122,123,86,86,86,122,123,291,291,291,122,123,290,290,122,123,-1,-1,-1,-1,-1,-1,28,-1,-1,-1,
-1,-1,-1,-1,-1,-1,-1,-1,-1,-1,-1,-1,-1,-1,-1,-1,-1,-1,324,-1,-1,-1,95,-1,-1,-1,-1,-1,-1,-1,
-1,-1,-1,-1,-1,-1,-1,-1,-1,-1,-1,-1,-1,-1,-1,-1,-1,-1,324,-1,-1,-1,-1,-1,-1,-1,-1,-1,-1,-1,
-1,-1,-1,-1,89,90,323,323,323,89,90,325,325,325,89,90,-1,-1,89,90,-1,-1,-1,95,-1,-1,-1,-1,-1,-1,
-1,-1,-1,-1,122,123,-1,-1,-1,122,123,-1,-1,-1,122,123,-1,-1,122,123,-1,-1,-1,-1,-1,-1,-1,-1,-1,-1,
-1,-1,-1,-1,-1,-1,-1,-1,-1,-1,-1,-1,-1,-1,-1,85,-1,-1,85,-1,-1,-1,-1,-1,-1,-1,-1,-1,-1,-1,
-1,-1,-1,95,-1,-1,-1,-1,-1,-1,-1,-1,-1,-1,89,90,-1,-1,89,90,-1,-1,-1,-1,-1,72,73,-1,-1,-1,
-1,-1,-1,-1,-1,-1,-1,95,-1,-1,-1,-1,-1,-1,122,123,-1,-1,122,123,-1,-1,-1,-1,-1,80,81,-1,-1,-1,
-1,-1,-1,-1,-1,-1,-1,-1,-1,-1,72,73,-1,-1,-1,117,-1,-1,117,-1,-1,-1,95,-1,-1,-1,-1,-1,-1,-1,
-1,-1,-1,68,69,-1,-1,-1,-1,-1,80,81,-1,-1,-1,117,-1,-1,117,-1,-1,-1,-1,-1,-1,-1,-1,-1,-1,-1,
-1,-1,-1,76,77,-1,-1,-1,-1,-1,-1,-1,-1,-1,-1,117,-1,-1,117,-1,-1,-1,-1,-1,-1,-1,-1,-1,-1,-1,
