-1,-1,-1,-1,-1,-1,-1,-1,-1,-1,-1,-1,-1,-1,-1,-1,-1,-1,-1,-1,-1,-1,-1,-1,-1,-1,-1,-1,-1,-1,
-1,-1,-1,-1,-1,-1,-1,-1,-1,-1,-1,-1,-1,-1,-1,-1,-1,-1,-1,-1,-1,-1,-1,-1,-1,-1,-1,-1,-1,-1,
-1,-1,-1,-1,-1,-1,-1,-1,-1,-1,-1,-1,-1,-1,-1,-1,-1,-1,-1,-1,-1,-1,-1,-1,-1,-1,-1,-1,-1,-1,
-1,-1,-1,-1,-1,-1,-1,-1,-1,-1,-1,-1,-1,-1,-1,-1,-1,-1,-1,-1,-1,-1,-1,-1,-1,-1,-1,-1,-1,-1,
-1,-1,-1,-1,-1,-1,-1,-1,-1,-1,-1,-1,-1,-1,-1,-1,429,430,431,432,-1,-1,-1,-1,-1,-1,-1,-1,-1,-1,
-1,-1,-1,-1,-1,-1,-1,-1,-1,-1,-1,-1,-1,-1,-1,-1,462,463,464,465,-1,-1,-1,-1,-1,-1,-1,-1,-1,-1,
-1,-1,-1,-1,-1,-1,-1,-1,-1,-1,-1,-1,-1,-1,-1,83,495,496,497,498,83,-1,-1,-1,-1,-1,-1,-1,-1,-1,
-1,-1,-1,-1,-1,-1,-1,-1,-1,-1,-1,-1,-1,-1,-1,83,528,529,530,531,83,-1,-1,-1,-1,-1,-1,-1,-1,-1,
-1,-1,-1,-1,-1,-1,-1,-1,-1,-1,72,73,-1,-1,-1,-1,561,562,563,564,-1,-1,-1,-1,-1,-1,-1,-1,-1,-1,
-1,-1,-1,-1,-1,-1,-1,-1,-1,-1,80,81,-1,-1,-1,-1,-1,-1,-1,-1,-1,-1,-1,-1,-1,72,73,-1,-1,-1,
-1,-1,-1,-1,-1,-1,-1,-1,-1,-1,-1,-1,-1,-1,-1,-1,-1,-1,-1,-1,-1,-1,-1,-1,-1,80,81,-1,-1,-1,
-1,-1,-1,-1,-1,-1,-1,-1,-1,-1,89,90,89,90,-1,-1,-1,-1,-1,-1,-1,-1,89,90,89,90,-1,-1,-1,-1,
-1,-1,-1,-1,-1,-1,95,95,95,-1,122,123,122,123,86,-1,86,-1,-1,86,-1,86,122,123,122,123,-1,-1,-1,-1,
-1,-1,-1,-1,-1,-1,95,95,95,-1,89,90,155,156,157,158,159,160,159,160,157,158,155,156,89,90,-1,-1,-1,-1,
-1,-1,-1,-1,-1,-1,95,95,95,-1,122,123,188,189,190,191,192,193,192,193,190,191,188,189,122,123,-1,-1,-1,-1,
-1,-1,-1,-1,-1,-1,95,95,95,-1,89,90,155,156,157,158,159,160,159,160,157,158,155,156,89,90,-1,-1,-1,-1,
-1,-1,-1,-1,-1,-1,95,95,95,-1,122,123,188,189,190,191,192,193,192,193,190,191,188,189,122,123,-1,-1,-1,-1,
-1,-1,-1,-1,-1,-1,-1,-1,-1,-1,89,90,155,156,157,158,159,160,159,160,157,158,155,156,89,90,-1,-1,-1,-1,
-1,-1,-1,-1,-1,-1,-1,-1,-1,-1,122,123,188,189,190,191,192,193,192,193,190,191,188,189,122,123,-1,-1,-1,-1,
-1,-1,-1,-1,-1,-1,-1,-1,-1,-1,89,90,155,156,157,158,159,160,159,160,157,158,155,156,89,90,-1,-1,-1,-1,
-1,-1,-1,-1,-1,-1,-1,-1,-1,-1,122,123,188,189,190,191,192,193,192,193,190,191,188,189,122,123,-1,-1,-1,-1,
-1,-1,-1,-1,-1,-1,-1,-1,-1,-1,89,90,155,156,157,158,159,160,159,160,157,158,155,156,89,90,-1,-1,-1,-1,
-1,-1,-1,-1,-1,-1,-1,-1,-1,-1,122,123,188,189,190,191,192,193,192,193,190,191,188,189,122,123,-1,-1,-1,-1,
-1,-1,-1,-1,-1,-1,-1,-1,-1,-1,89,90,89,90,-1,-1,-1,-1,-1,-1,-1,-1,89,90,89,90,-1,-1,-1,-1,
-1,-1,-1,-1,-1,-1,-1,-1,-1,-1,122,123,122,123,86,-1,86,-1,-1,86,-1,86,122,123,122,123,-1,-1,-1,-1,
-1,-1,-1,-1,-1,-1,-1,-1,-1,-1,-1,-1,-1,-1,-1,-1,-1,-1,-1,-1,-1,-1,-1,-1,-1,-1,-1,-1,-1,-1,
-1,-1,-1,-1,-1,-1,-1,-1,-1,-1,-1,-1,-1,-1,-1,-1,-1,-1,-1,-1,-1,-1,-1,-1,-1,-1,-1,-1,-1,-1,
-1,-1,-1,-1,-1,-1,-1,-1,-1,-1,-1,-1,-1,-1,-1,-1,-1,-1,-1,-1,-1,-1,-1,-1,-1,-1,72,73,-1,-1,
-1,-1,-1,-1,-1,-1,-1,-1,-1,-1,-1,-1,-1,-1,-1,-1,-1,-1,-1,-1,-1,-1,-1,-1,-1,-1,80,81,-1,-1,
-1,-1,-1,-1,-1,-1,-1,-1,-1,-1,-1,-1,-1,-1,-1,-1,-1,-1,-1,-1,-1,-1,-1,-1,-1,-1,-1,-1,-1,-1,
