-1,-1,-1,-1,-1,-1,-1,-1,-1,-1,-1,-1,-1,-1,-1,-1,-1,-1,-1,-1,-1,-1,-1,-1,-1,-1,-1,161,162,-1,
-1,-1,-1,-1,-1,-1,-1,-1,-1,-1,-1,-1,-1,-1,-1,-1,72,73,-1,-1,-1,-1,-1,-1,-1,89,90,194,195,-1,
-1,-1,-1,-1,-1,-1,-1,-1,-1,-1,-1,-1,-1,-1,-1,-1,80,81,-1,-1,-1,-1,77,-1,-1,122,123,161,162,-1,
-1,-1,-1,-1,228,-1,-1,-1,-1,-1,228,-1,95,-1,-1,-1,-1,-1,-1,-1,-1,-1,-1,-1,-1,-1,-1,194,195,-1,
-1,-1,-1,-1,261,-1,-1,-1,-1,-1,261,-1,-1,-1,-1,-1,-1,-1,-1,-1,-1,-1,-1,-1,-1,-1,-1,-1,89,90,
-1,-1,-1,-1,-1,-1,-1,-1,77,-1,-1,-1,-1,-1,-1,-1,-1,-1,-1,324,-1,-1,292,-1,-1,-1,89,90,122,123,
-1,-1,-1,-1,-1,-1,-1,-1,-1,-1,-1,-1,-1,-1,-1,-1,-1,-1,-1,-1,-1,-1,-1,-1,-1,-1,122,123,-1,-1,
-1,-1,95,-1,-1,-1,-1,-1,-1,-1,-1,-1,-1,-1,-1,-1,-1,-1,-1,-1,-1,-1,95,-1,-1,-1,-1,-1,161,162,
-1,-1,-1,-1,-1,-1,-1,-1,-1,-1,-1,-1,-1,-1,-1,-1,161,162,-1,-1,-1,-1,-1,-1,-1,-1,89,90,194,195,
-1,-1,-1,-1,-1,-1,-1,-1,-1,-1,-1,-1,-1,-1,-1,-1,194,195,-1,-1,-1,-1,-1,-1,-1,-1,122,123,161,162,
-1,-1,-1,-1,-1,-1,-1,-1,-1,-1,-1,-1,-1,-1,-1,290,290,-1,290,290,-1,-1,-1,-1,324,-1,-1,-1,194,195,
-1,-1,-1,-1,291,-1,-1,-1,68,-1,-1,-1,-1,-1,-1,290,290,290,290,290,-1,-1,-1,-1,-1,-1,-1,-1,161,162,
-1,-1,-1,-1,-1,-1,-1,-1,76,77,-1,-1,-1,-1,-1,290,290,290,290,290,-1,-1,-1,-1,-1,-1,-1,161,293,294,
-1,-1,-1,-1,-1,-1,-1,-1,-1,66,67,-1,-1,-1,-1,-1,290,290,290,-1,-1,-1,323,-1,-1,-1,161,327,326,327,
-1,-1,-1,-1,-1,-1,-1,-1,-1,74,75,-1,-1,-1,-1,325,-1,290,-1,-1,-1,-1,-1,-1,-1,161,293,294,293,294,
-1,-1,-1,-1,-1,-1,-1,-1,-1,-1,-1,-1,-1,-1,-1,-1,-1,-1,-1,-1,-1,-1,-1,-1,161,293,294,327,326,327,
-1,-1,-1,-1,-1,-1,-1,323,-1,-1,-1,-1,-1,-1,-1,-1,-1,-1,-1,-1,-1,161,162,161,293,294,327,294,293,294,
-1,-1,291,-1,89,90,-1,-1,-1,-1,-1,325,-1,-1,-1,-1,-1,-1,-1,-1,161,293,294,293,294,327,326,327,326,327,
-1,-1,-1,-1,122,123,-1,-1,292,-1,-1,-1,-1,-1,-1,-1,-1,-1,-1,161,293,294,327,326,327,294,293,294,293,294,
-1,-1,-1,-1,-1,-1,-1,-1,-1,-1,-1,-1,-1,-1,290,-1,290,-1,-1,194,326,327,326,327,326,327,326,327,326,327,
-1,-1,-1,-1,-1,-1,-1,-1,-1,-1,-1,-1,-1,-1,-1,290,-1,-1,-1,161,293,326,327,294,293,294,293,294,293,294,
-1,-1,-1,-1,-1,-1,-1,-1,-1,-1,-1,-1,-1,-1,-1,-1,161,162,161,293,326,327,326,327,326,327,326,327,326,327,
-1,-1,-1,-1,-1,290,-1,-1,-1,161,162,161,162,161,162,161,293,294,293,294,293,294,293,294,293,294,293,294,293,294,
-1,-1,290,-1,-1,-1,161,162,161,293,294,293,294,293,294,293,326,327,326,327,326,327,326,327,326,327,326,327,326,327,
-1,-1,-1,-1,-1,161,293,294,293,326,327,326,327,326,327,326,327,294,293,294,293,294,293,294,293,294,293,294,293,294,
-1,-1,-1,-1,-1,194,326,327,326,327,326,327,326,327,326,327,326,327,326,327,326,327,326,327,326,327,326,327,326,327,
-1,-1,-1,-1,-1,161,293,294,293,294,293,294,293,294,293,294,293,294,293,294,293,294,293,294,293,294,293,294,293,294,
-1,-1,161,162,161,293,326,327,326,327,326,327,326,327,326,327,326,327,326,327,326,327,326,327,326,327,326,327,326,327,
161,162,194,195,194,294,293,294,293,294,293,294,293,294,293,294,293,294,293,294,293,294,293,294,293,294,293,294,293,294,
194,195,-1,161,162,194,326,327,326,327,326,327,326,327,326,327,326,327,326,327,326,327,326,327,326,327,326,327,326,327,
