89,90,161,293,195,161,293,294,293,294,293,294,293,294,293,294,293,294,293,294,293,294,293,294,293,294,293,294,293,294,
122,123,194,195,161,293,326,327,326,327,326,327,326,327,326,327,326,327,326,327,326,327,326,327,326,327,326,327,326,327,
-1,161,162,161,293,294,293,294,293,294,293,294,293,294,293,294,293,294,293,294,293,294,293,294,293,294,293,294,293,294,
-1,194,326,327,326,327,326,327,326,327,326,327,326,327,326,327,326,327,326,327,326,327,326,327,326,327,326,327,326,327,
-1,161,293,294,293,294,293,294,293,294,293,294,293,294,293,294,293,294,293,294,293,294,293,294,293,294,293,294,293,294,
-1,194,326,327,326,327,326,327,326,327,326,327,326,327,326,327,326,327,326,327,326,327,326,327,326,327,326,327,326,327,
-1,-1,194,195,194,195,194,294,293,294,293,294,293,294,293,294,293,294,293,294,293,294,293,294,293,294,293,294,293,294,
-1,-1,-1,-1,-1,-1,-1,194,326,327,326,327,326,327,326,327,326,327,326,327,326,327,326,327,326,327,326,327,326,327,
-1,325,-1,85,-1,-1,-1,-1,194,195,194,195,194,294,293,294,293,294,293,294,293,294,293,294,293,294,293,294,293,294,
-1,-1,-1,-1,89,90,-1,290,161,162,-1,-1,161,327,326,327,326,327,326,327,326,327,326,327,326,327,326,327,326,327,
-1,-1,95,-1,122,123,-1,-1,194,195,-1,85,194,195,194,195,194,294,293,294,293,294,293,294,293,294,293,294,293,294,
-1,-1,-1,-1,-1,-1,-1,89,90,-1,66,67,-1,-1,89,90,161,327,326,327,326,327,326,327,326,327,326,327,326,327,
-1,-1,-1,290,-1,95,-1,122,123,-1,74,75,-1,-1,122,123,194,195,194,195,194,195,194,195,194,294,293,294,293,294,
-1,-1,-1,-1,-1,-1,-1,-1,-1,-1,-1,-1,-1,-1,-1,-1,-1,-1,-1,-1,-1,292,-1,-1,161,327,326,327,326,327,
-1,-1,-1,-1,325,-1,-1,-1,-1,-1,-1,-1,-1,-1,-1,-1,-1,324,-1,-1,-1,-1,-1,324,194,195,194,195,194,195,
-1,-1,-1,-1,-1,-1,-1,-1,-1,-1,-1,-1,-1,-1,-1,-1,-1,-1,-1,-1,-1,-1,-1,-1,-1,-1,-1,-1,-1,-1,
-1,-1,-1,-1,-1,-1,-1,-1,-1,-1,-1,-1,-1,-1,-1,-1,-1,-1,-1,-1,-1,-1,-1,-1,-1,-1,-1,-1,-1,-1,
-1,-1,-1,-1,-1,-1,-1,-1,-1,-1,66,67,-1,292,-1,-1,-1,-1,-1,-1,-1,-1,-1,-1,-1,-1,-1,-1,-1,-1,
-1,-1,-1,-1,-1,-1,-1,-1,-1,-1,74,75,-1,161,162,-1,-1,89,90,-1,-1,-1,-1,-1,-1,-1,-1,-1,324,-1,
-1,-1,-1,-1,-1,-1,89,90,-1,95,85,-1,-1,194,195,-1,95,122,123,161,162,161,162,161,162,161,162,161,162,161,
-1,-1,-1,-1,325,-1,122,123,-1,-1,-1,-1,-1,-1,-1,-1,-1,-1,161,293,294,293,294,293,294,293,294,293,294,293,
-1,-1,95,-1,-1,-1,-1,-1,-1,161,162,161,162,161,162,161,162,161,327,326,327,326,327,326,327,326,327,326,327,326,
-1,-1,-1,-1,89,90,-1,-1,161,327,326,327,326,327,326,327,326,327,326,327,326,327,326,327,326,327,326,327,326,327,
-1,-1,-1,-1,122,123,-1,161,327,294,293,294,293,294,293,294,293,294,293,294,293,294,293,294,293,294,293,294,293,294,
325,-1,325,-1,-1,-1,161,327,326,327,326,327,326,327,326,327,326,327,326,327,326,327,326,327,326,327,326,327,326,327,
-1,161,162,161,162,161,327,326,293,294,293,294,293,294,293,294,293,294,293,294,293,294,293,294,293,294,293,294,293,294,
-1,194,326,327,326,327,326,327,326,327,326,327,326,327,326,327,326,327,326,327,326,327,326,327,326,327,326,327,326,327,
-1,290,194,326,293,294,293,294,293,294,293,294,293,294,293,294,293,294,293,294,293,294,293,294,293,294,293,294,293,294,
161,162,325,194,326,327,326,327,326,327,326,327,326,327,326,327,326,327,326,327,326,327,326,327,326,327,326,327,326,327,
194,326,162,161,293,294,293,294,293,294,293,294,293,294,293,294,293,294,293,294,293,294,293,294,293,294,293,294,293,294,
