-1,-1,-1,-1,-1,-1,-1,95,-1,-1,-1,-1,-1,-1,-1,-1,-1,-1,-1,-1,-1,-1,-1,-1,122,123,122,123,122,123,
-1,-1,95,-1,-1,-1,-1,-1,-1,-1,-1,-1,72,73,-1,-1,95,-1,-1,-1,-1,-1,-1,-1,89,90,89,90,89,90,
-1,-1,-1,-1,-1,-1,-1,-1,-1,-1,-1,-1,80,81,-1,-1,-1,-1,-1,95,-1,-1,-1,-1,122,123,122,123,122,123,
-1,-1,-1,-1,-1,-1,68,69,-1,-1,-1,-1,-1,-1,-1,-1,-1,68,69,-1,-1,-1,-1,-1,91,92,-1,-1,-1,-1,
-1,-1,95,-1,-1,-1,76,77,-1,-1,95,-1,-1,-1,-1,-1,-1,76,77,-1,-1,-1,-1,95,124,125,-1,-1,-1,-1,
-1,-1,72,73,-1,-1,-1,-1,-1,-1,-1,-1,-1,-1,325,-1,-1,66,67,-1,-1,-1,-1,-1,-1,-1,-1,-1,-1,-1,
-1,-1,80,81,-1,-1,-1,70,71,-1,-1,-1,-1,-1,-1,-1,-1,74,75,-1,-1,-1,-1,-1,95,-1,-1,-1,-1,-1,
-1,-1,-1,-1,-1,-1,-1,78,79,-1,-1,-1,-1,-1,-1,-1,-1,-1,-1,-1,-1,-1,-1,-1,-1,-1,-1,-1,-1,-1,
-1,-1,-1,-1,-1,-1,95,-1,-1,-1,117,-1,-1,117,-1,-1,-1,-1,325,-1,-1,-1,-1,-1,-1,-1,-1,-1,-1,-1,
-1,-1,95,-1,-1,-1,-1,-1,-1,-1,-1,-1,-1,-1,95,-1,-1,-1,66,67,-1,325,-1,-1,-1,-1,-1,-1,-1,-1,
-1,-1,-1,-1,-1,117,-1,-1,-1,-1,-1,-1,95,-1,-1,-1,-1,-1,74,75,-1,-1,-1,-1,-1,-1,-1,95,-1,-1,
-1,-1,-1,-1,-1,-1,-1,-1,-1,66,67,-1,-1,-1,-1,-1,95,-1,-1,-1,-1,-1,-1,-1,95,-1,-1,-1,-1,-1,
-1,-1,-1,-1,-1,-1,-1,-1,-1,74,75,-1,-1,-1,-1,-1,-1,-1,-1,-1,-1,-1,-1,-1,-1,-1,-1,-1,-1,-1,
-1,-1,-1,68,69,-1,95,-1,-1,-1,-1,-1,-1,117,-1,70,71,-1,-1,-1,-1,-1,-1,-1,-1,68,69,-1,-1,-1,
-1,-1,-1,76,77,-1,-1,-1,-1,-1,-1,-1,-1,-1,-1,78,79,-1,-1,117,-1,-1,-1,-1,-1,76,77,-1,-1,-1,
-1,-1,-1,-1,-1,-1,-1,-1,-1,-1,325,-1,-1,-1,-1,117,-1,-1,-1,-1,-1,-1,-1,95,-1,-1,-1,-1,-1,-1,
-1,-1,-1,95,-1,-1,-1,117,-1,-1,-1,-1,-1,-1,-1,-1,-1,-1,-1,-1,70,71,-1,-1,-1,-1,-1,-1,-1,-1,
-1,-1,-1,-1,-1,-1,-1,-1,-1,-1,-1,-1,-1,-1,-1,324,324,-1,-1,-1,78,79,-1,-1,-1,-1,-1,-1,-1,-1,
-1,-1,-1,-1,-1,68,69,-1,-1,-1,325,66,67,-1,324,-1,-1,-1,66,67,-1,-1,-1,-1,-1,-1,-1,95,-1,-1,
-1,-1,70,71,-1,76,77,-1,-1,-1,-1,74,75,-1,-1,-1,-1,-1,74,75,-1,-1,-1,-1,-1,-1,-1,-1,-1,-1,
-1,-1,78,79,-1,-1,-1,-1,-1,-1,-1,-1,-1,324,324,-1,-1,-1,-1,-1,-1,-1,-1,95,-1,-1,-1,-1,-1,-1,
-1,72,73,-1,-1,-1,-1,-1,95,-1,-1,-1,-1,-1,-1,-1,-1,-1,-1,-1,-1,-1,-1,-1,-1,-1,-1,-1,-1,-1,
-1,80,81,-1,95,-1,-1,-1,95,-1,-1,-1,-1,-1,-1,-1,-1,-1,-1,-1,-1,-1,-1,-1,72,73,-1,-1,-1,-1,
-1,-1,-1,-1,-1,-1,-1,-1,-1,-1,-1,-1,95,-1,-1,-1,66,67,-1,-1,-1,95,-1,-1,80,81,-1,-1,-1,-1,
-1,-1,-1,-1,-1,-1,-1,95,-1,-1,-1,-1,95,-1,-1,-1,74,75,-1,-1,-1,-1,-1,-1,-1,-1,-1,-1,95,-1,
-1,-1,-1,-1,-1,-1,-1,-1,-1,-1,-1,-1,-1,-1,-1,-1,-1,-1,-1,-1,-1,-1,-1,-1,161,162,161,162,161,162,
-1,-1,-1,-1,-1,-1,-1,-1,-1,-1,-1,-1,-1,-1,-1,-1,-1,-1,-1,-1,-1,-1,107,108,194,195,194,195,194,195,
-1,-1,-1,-1,-1,-1,-1,-1,-1,-1,-1,-1,-1,-1,-1,-1,-1,-1,-1,-1,-1,-1,140,141,161,162,161,162,161,162,
-1,-1,-1,-1,-1,-1,-1,-1,-1,-1,-1,-1,-1,-1,-1,-1,-1,-1,-1,-1,-1,-1,173,174,194,195,194,195,194,195,
-1,-1,-1,-1,-1,-1,-1,-1,-1,-1,-1,-1,-1,-1,-1,-1,-1,-1,-1,-1,-1,-1,-1,-1,161,162,161,162,161,162,
