327,326,327,326,327,326,327,326,327,326,327,326,327,326,327,326,327,326,327,195,-1,-1,-1,-1,161,293,294,293,294,327,
294,293,294,293,294,293,294,293,294,293,294,293,294,293,294,293,294,293,294,162,-1,-1,-1,290,194,326,327,326,327,294,
327,326,327,326,327,326,327,326,327,326,327,326,327,326,327,326,327,326,327,195,-1,-1,-1,-1,161,293,294,293,294,327,
294,293,294,293,294,293,294,293,294,293,294,293,294,293,294,293,294,293,294,162,-1,-1,-1,-1,194,326,327,326,327,294,
327,326,327,326,327,326,327,326,327,326,327,326,327,326,327,326,327,326,327,195,-1,-1,-1,85,161,293,294,293,294,327,
294,293,294,293,294,293,294,293,294,293,294,293,294,293,294,293,294,293,294,162,-1,-1,-1,-1,194,326,327,326,327,294,
327,326,327,326,327,326,327,326,327,326,327,326,327,326,327,326,327,326,327,195,-1,-1,-1,-1,161,293,294,293,294,327,
294,293,294,293,294,293,294,293,294,293,294,293,294,293,294,293,294,293,294,162,325,-1,-1,-1,194,326,327,326,327,294,
327,326,327,326,327,326,327,326,327,326,327,326,327,326,327,326,327,326,327,195,-1,-1,-1,-1,161,293,294,293,294,327,
294,293,294,293,294,293,294,293,294,293,294,293,294,293,294,293,294,293,294,162,-1,325,-1,-1,194,326,327,294,327,294,
327,326,327,326,327,326,327,326,327,326,327,326,327,326,327,326,327,326,327,195,-1,85,-1,-1,161,293,326,327,326,327,
294,293,294,293,294,293,294,293,294,293,294,293,294,293,294,293,294,293,195,-1,-1,-1,-1,95,194,294,293,294,293,294,
327,326,327,326,327,326,327,326,327,326,327,326,327,326,327,326,327,195,-1,-1,-1,-1,-1,-1,161,327,326,327,326,327,
326,327,195,194,195,194,195,194,195,194,195,194,195,194,195,194,195,-1,-1,-1,-1,-1,-1,161,293,294,293,294,293,294,
194,195,86,-1,-1,95,66,67,-1,89,90,95,-1,-1,-1,324,-1,-1,-1,-1,-1,-1,-1,194,326,293,294,327,326,327,
-1,-1,-1,-1,-1,-1,74,75,95,122,123,-1,-1,325,-1,-1,-1,-1,-1,-1,-1,-1,-1,161,293,326,327,294,293,294,
-1,-1,-1,-1,-1,-1,-1,-1,-1,-1,-1,-1,-1,-1,-1,-1,-1,-1,-1,-1,-1,-1,-1,194,326,293,294,293,294,327,
-1,-1,-1,-1,-1,-1,-1,-1,-1,-1,-1,-1,-1,-1,-1,-1,-1,-1,-1,-1,-1,-1,-1,-1,194,326,327,326,327,294,
-1,-1,325,-1,-1,-1,-1,-1,-1,-1,-1,95,-1,-1,-1,-1,86,-1,-1,-1,-1,-1,89,90,161,293,294,293,294,327,
162,161,162,161,162,161,162,161,162,161,162,161,162,161,162,161,162,-1,-1,-1,-1,-1,122,123,194,326,327,326,327,294,
294,293,294,293,294,293,294,293,294,293,294,293,294,293,294,293,294,162,-1,-1,-1,-1,-1,-1,161,293,294,293,294,327,
327,326,327,326,327,326,327,326,327,326,327,326,327,326,327,326,327,195,-1,-1,95,-1,-1,-1,194,326,327,326,327,294,
294,293,294,293,294,293,294,293,294,293,294,293,294,293,294,293,294,162,-1,-1,-1,-1,-1,-1,161,293,294,293,294,327,
327,326,327,326,327,326,327,326,327,326,327,326,327,326,327,326,327,294,162,-1,-1,95,-1,-1,194,326,327,326,327,294,
294,293,294,293,294,293,294,293,294,293,294,293,294,293,294,293,294,293,326,162,-1,-1,-1,-1,-1,194,326,293,294,327,
327,326,327,326,327,326,327,326,327,326,327,326,327,326,327,326,327,326,327,294,162,-1,-1,-1,153,154,194,326,327,294,
294,293,294,293,294,293,294,293,294,293,294,293,294,293,294,293,294,293,294,327,326,162,-1,-1,186,187,-1,194,326,327,
327,326,327,326,327,326,327,326,327,326,327,326,327,326,327,326,327,326,327,294,293,294,162,95,-1,-1,-1,161,293,294,
294,293,294,293,294,293,294,293,294,293,294,293,294,293,294,293,294,293,326,327,326,293,326,162,161,162,161,327,326,327,
327,326,327,326,327,326,327,326,327,326,327,326,327,326,327,326,327,326,327,326,327,326,327,294,293,294,293,294,293,294,
