620,621,622,653,654,653,654,653,654,653,654,653,654,653,654,653,654,653,654,653,654,653,654,653,654,653,654,619,620,621,
653,654,655,759,760,761,762,763,764,765,803,804,805,806,807,808,809,759,760,761,762,763,764,765,687,686,687,652,653,654,
686,687,688,792,793,794,795,796,797,798,836,837,838,839,840,841,842,792,793,794,795,796,797,798,720,719,720,685,686,687,
622,720,721,825,826,827,828,829,830,831,869,870,871,872,873,874,875,825,826,827,828,829,830,831,753,752,753,718,719,619,
622,753,754,858,859,860,861,862,863,864,902,903,904,905,906,907,908,858,859,860,861,862,863,864,786,785,786,751,752,619,
622,786,787,891,892,893,894,895,896,897,935,936,937,938,939,940,941,891,892,893,894,895,896,897,-1,-1,-1,784,785,619,
622,883,884,924,925,926,927,928,929,930,968,969,970,971,972,973,974,924,925,926,927,928,929,930,-1,-1,-1,851,851,619,
622,883,884,957,958,959,960,961,962,963,1001,1002,1003,1004,1005,1006,1007,957,958,959,960,961,962,963,-1,-1,-1,851,851,619,
622,916,917,990,991,992,993,994,995,996,1034,1035,1036,1037,1038,1039,1040,990,991,992,993,994,995,996,883,884,883,884,851,619,
622,916,916,916,883,361,361,361,883,883,883,883,361,361,883,883,883,27,55,361,361,361,55,27,883,883,883,884,884,652,
622,1017,1018,883,916,361,361,361,916,916,916,916,361,361,916,916,916,916,916,361,361,361,916,916,916,916,916,917,884,685,
622,1050,1051,916,916,361,361,361,883,883,883,883,361,361,883,883,883,883,883,361,361,361,883,883,883,883,884,917,917,718,
622,883,884,883,883,361,361,361,883,883,883,883,361,361,883,883,883,883,883,361,361,361,883,916,916,916,917,917,917,751,
622,916,917,916,916,361,361,361,916,916,916,916,361,361,916,916,916,916,916,361,361,361,916,916,916,917,917,883,884,784,
622,361,361,361,361,361,361,361,361,361,361,361,361,361,361,361,361,361,361,361,361,361,361,361,361,361,361,361,361,361,
622,361,361,361,361,361,361,361,361,361,361,361,361,361,361,361,361,361,361,361,361,361,361,361,361,361,361,361,361,361,
622,361,361,361,361,361,361,361,361,361,361,361,361,361,361,361,361,361,361,361,361,361,361,361,361,361,361,361,361,361,
622,109,109,361,361,361,361,361,361,361,361,109,109,110,361,361,361,109,110,110,361,361,361,361,361,361,361,361,110,586,
622,142,142,361,361,1056,1057,1058,1059,1060,361,142,142,143,361,361,361,109,110,143,361,1056,1057,1058,1059,1060,361,361,110,619,
622,142,142,361,361,1089,1090,1091,1092,1093,361,142,143,143,361,361,361,109,109,110,361,1089,1090,1091,1092,1093,361,361,110,619,
622,142,143,361,361,1122,1123,1124,1125,1126,361,109,142,143,361,361,361,109,142,143,361,1122,1123,1124,1125,1126,361,361,110,619,
622,142,143,361,361,1155,1156,1157,1158,1159,361,109,142,143,361,361,361,142,142,143,361,1155,1156,1157,1158,1159,361,361,110,619,
622,142,143,361,361,1188,1189,1190,1191,1192,361,142,142,143,361,361,361,109,109,109,361,1188,1189,1190,1191,1192,361,361,110,619,
622,109,142,361,361,1221,1222,1223,1224,1225,361,143,142,143,361,361,361,142,142,142,361,1221,1222,1223,1224,1225,361,361,110,619,
622,109,110,361,361,1254,1255,1256,1257,1258,361,361,361,361,361,361,361,361,361,361,361,1254,1255,1256,1257,1258,361,361,110,619,
622,109,110,361,361,1287,1288,1289,1290,1291,361,361,361,361,361,361,361,361,361,361,361,1287,1288,1289,1290,1291,361,361,110,619,
622,109,110,361,361,361,361,361,361,361,361,361,361,361,361,361,361,361,361,361,361,361,361,361,361,361,361,361,110,619,
622,142,143,361,361,361,361,361,361,361,361,361,361,361,361,361,361,361,361,361,361,361,361,361,361,361,361,361,143,619,
587,588,589,109,109,109,109,109,109,109,109,109,109,110,361,361,361,142,142,142,142,142,142,142,142,142,143,586,587,588,
620,621,622,588,587,588,587,588,587,588,587,588,587,588,361,361,361,588,587,588,587,588,587,588,587,588,587,619,620,621,
